5443
5855
2652
1024
5329
6892
7150
3665
5441
2825
6942
8426
2066
9571
2296
1112
1756
5993
2036
57
2322
2783
8877
7249
5019
1954
5095
9813
4806
8099
2713
2621
5632
6255
9764
8488
6231
4706
1015
9221
4278
467
3355
7331
8121
4398
9716
9244
8337
8862
9521
755
6877
109
5171
8621
6654
147
8665
6350
600
7965
8170
6045
1053
3213
1746
5654
7962
5931
3955
6450
2248
8172
5657
3208
5084
937
6964
7006
2408
5326
6213
5305
6833
3280
7696
9902
7540
75
4126
8578
7051
8633
1797
9719
211
7494
7621
4356
9762
5102
744
2261
9763
1475
6447
4285
7212
8554
6388
5152
9182
7377
4819
6765
337
7870
2252
881
1632
4073
9084
8205
1632
2726
3337
4768
7364
5587
2092
8985
5941
1793
2422
389
2743
8384
9038
312
9307
6159
1885
4955
4472
4861
2059
7125
9598
9756
6253
9757
7074
3976
2712
1689
3834
2431
5654
1620
9538
4740
4553
9848
939
9852
5807
7983
3369
200
4983
8919
4902
5710
3637
1846
9628
4297
4747
2074
2704
9280
1610
3049
2767
4339
6332
7451
2612
9193
1035
5533
7259
3634
4798
5306
786
2975
8522
2475
1536
4444
3011
6827
6184
8529
24
9576
4388
8990
7657
8151
8045
20
7261
461
3089
5540
7866
8959
8338
9028
5773
2792
4446
9572
8662
9360
7507
4093
1327
7820
6679
5977
1785
1690
460
7404
420
3017
7801
4128
1494
8405
996
4684
9294
5473
2227
8441
5770
3648
3251
755
4938
1679
2537
9482
1196
2975
4795
4167
9964
5530
308
2462
8216
3561
9416
8396
6563
9252
2672
1054
4401
1073
3006
14
8357
8672
3761
7562
5543
2911
4289
9900
6869
7744
9479
7205
1670
4028
482
7752
1967
8058
1402
9485
4296
8807
5449
4081
2963
5156
816
3933
1447
8171
7904
9496
9300
173
8261
7025
7480
7801
2444
9970
6312
4685
8674
3118
8597
4404
5968
179
2680
8102
2369
9098
2904
3413
4118
3164
8339
7178
9790
3192
436
5950
5720
9765
8059
5972
5513
4768
2356
1022
9142
3191
9594
7630
5813
6805
3866
6233
4439
3520
583
553
7308
6091
6966
9350
3920
150
2082
1237
1179
520
4505
5802
8183
4403
6568
9018
8805
1690
2135
1400
4906
627
1889
5476
1855
6967
5223
1844
948
6177
7934
7326
7280
4325
1887
4224
4919
2800
3297
8430
8873
236
421
8174
1426
8609
7760
1486
2196
88
5702
2250
9798
3334
9968
8395
3297
6491
3196
4625
871
7122
6724
3651
9630
9828
994
8340
5758
1183
5206
7993
2698
4874
4928
4923
9318
7944
3146
6271
4669
4688
1375
8479
4593
7841
2363
961
585
5498
7634
8130
4250
9941
2547
4889
5957
5763
7968
4584
5432
6849
38
4737
4349
4999
8110
2988
7722
5469
1236
7954
1494
6671
5325
8669
1788
6111
1597
4648
9986
2455
4984
7331
218
2420
7165
1045
2335
2612
9589
8319
962
957
8740
8958
5807
4339
1075
7166
3564
8707
9005
2228
823
4258
4417
6172
9140
7021
2538
4403
4637
7205
8169
3210
1737
4209
391
2446
2877
5814
6574
5999
845
1545
2108
8344
2639
4624
6590
2200
3534
7919
6056
3334
1639
2053
9789
1015
9495
274
2192
3523
7165
2227
2742
2441
7699
8404
3482
5521
4224
613
7843
7414
8947
1794
3268
8338
6293
151
5028
1313
44
5024
7445
2029
9872
4390
3996
8998
4911
9192
3137
375
1299
1166
8070
3729
5997
2761
1509
9591
5547
5471
321
5842
9114
369
2312
9580
3423
5998
1514
5376
5184
7500
8261
8981
7265
2424
8711
6632
6240
3281
7940
4272
5669
8839
6036
7344
4893
3092
3987
69
9989
452
4566
619
4051
1073
3638
1521
1908
6262
9225
8510
1047
7519
2492
6921
3472
5311
3601
8018
9071
3726
7090
4991
8367
2974
7415
1861
7480
7717
9176
6056
3420
5052
5066
7812
9840
7027
3216
8677
1086
4834
7517
2012
8121
1012
1830
3793
8485
1526
6381
7866
1127
1185
4601
694
7710
6939
3103
2762
616
4312
1274
6309
336
6829
7204
2962
6181
7778
1412
2261
9068
9337
8912
5672
7967
4523
3704
7479
5458
2583
1355
6955
5487
7600
3625
26
6854
1143
979
3825
3334
5645
1865
4871
9473
4232
1520
7228
2900
4943
7262
2508
2779
921
7215
5505
2150
6167
8022
6663
9568
495
2374
3977
1737
8618
5002
9366
6522
8888
343
1994
2650
7662
1615
8740
4970
4855
6323
4884
8377
5804
2654
4921
3009
4881
1444
3798
7027
4101
3720
38
742
5350
265
5549
7570
9495
355
791
1849
5543
130
4389
2948
3083
114
5549
3563
6065
2507
1863
7541
1082
4731
9397
2160
9240
6320
7495
8979
6431
2478
8466
1653
5921
2339
5160
6866
5978
5494
6127
19
3635
5094
4642
5757
7403
251
9774
785
9571
6256
3347
1146
5633
5798
1477
7497
7978
8865
9264
8769
6621
9186
8974
8237
6513
2353
8776
3979
5114
57
5120
1149
8459
7852
4521
1002
4949
6444
15
1134
1921
4918
6791
9159
6580
6156
6546
1949
7687
4523
7240
3009
5189
6811
3813
1913
7370
3564
2407
8635
2005
64
2517
4203
5073
1507
5576
4625
3737
1945
622
8655
7917
4423
8469
503
6
4092
5782
214
5056
577
7818
1835
9806
4514
4215
103
3239
5237
2075
9243
1710
3631
4183
1728
4332
7874
6604
8929
5882
4535
937
4394
1481
3950
8728
2448
2263
4396
6647
5522
7988
2630
3528
9584
1599
4836
9584
1628
3362
6988
8953
6017
7893
3298
7519
225
1908
7330
5944
6035
4184
4056
2757
7837
8700
8401
5277
9733
2962
8228
3574
5207
524
1653
117
1261
7488
1438
6359
5695
9998
8845
6757
5969
8485
9685
8846
7114
7434
1162
5074
4919
1838
2670
3799
5110
200
8745
1831
2889
3044
2704
8596
8979
8891
5710
3300
4616
2564
1626
9693
2616
6707
4976
6773
8623
2614
3177
9522
4186
8488
5451
7595
6191
3663
6853
8536
3945
4304
2655
4906
2399
848
1645
406
4237
6520
1542
4474
104
8908
3055
7686
3621
9627
5168
3292
1863
1089
6605
9062
5076
6280
1654
4685
9475
7716
9195
7310
3309
4475
8288
4297
8336
5058
6695
5713
8139
1077
3580
2777
6543
8161
3926
392
2332
7048
8403
8485
9195
8687
1705
5962
9978
5201
2183
826
5944
7115
9076
5939
8053
870
1805
3741
2834
2758
6844
834
7434
651
6161
8243
7045
4509
9676
6191
2182
7107
7983
4056
4744
3900
2565
5773
6949
6345
7080
2614
7347
5574
4331
769
199
8472
9090
2972
6698
9590
5595
9498
8661
8518
4006
6410
1797
9064
4506
697
662
6468
6059
8763
1253
939
1436
1581
744
782
9703
805
1019
8786
3961
7715
1075
7652
3443
1431
9406
7579
2709
7823
2308
1024
3974
1580
7603
2814
7567
4278
5219
5066
8597
2967
2376
2027
6562
9414
6178
4489
6281
2096
1541
6313
7539
2981
7511
3001
3266
2603
6113
1285
3036
2799
4771
376
8452
3310
3944
2147
1881
1187
8550
1625
8448
115
4639
7476
5513
7315
4642
4722
7059
637
4829
5236
7608
5780
3077
7670
7131
8888
2745
6614
3080
3774
1989
9010
7870
6579
6436
8768
6569
2249
3756
3829
3570
1035
3168
3901
9356
1365
338
5361
444
7322
9119
5792
9095
8752
1939
9560
8745
8555
2798
5082
6815
6669
6835
5728
6653
9947
4400
5469
1188
692
9312
9537
3488
6118
4890
6330
6452
2630
4641
7494
7419
1525
9394
8521
7213
2883
7971
897
61
4074
6380
8336
9183
5891
8323
8151
8454
6038
5835
3316
446
5835
5488
4863
6190
1578
5727
7493
2375
6468
2405
8288
6901
8989
2640
547
1846
5375
1296
6344
6653
8920
1919
7238
1493
8289
7919
6176
5457
3909
1129
3919
3216
1868
3621
3895
5637
2557
5999
2406
3437
819
806
1388
2444
6427
8672
1157
2680
7253
6089
2563
3408
6461
2289
7142
584
6123
3084
3087
4033
6478
5818
9109
9821
4359
5811
4841
8557
9462
8868
4277
365
8843
6994
345
6850
9327
8730
4726
8380
927
639
5166
4118
8998
5261
184
8015
6884
9144
63
4943
5587
2102
585
2411
1993
4941
3688
2193
8635
5650
2679
3184
7483
2719
5071
7242
4040
1836
1946
4115
832
6745
327
6001
4978
7803
2591
6377
9087
6262
3752
3167
1895
1240
4294
758
549
7778
8349
8409
2397
4826
8073
9091
4404
399
4856
1615
763
2203
5458
6330
6512
1194
7068
9166
6872
3982
1123
3037
4350
6145
5219
5172
1455
356
5482
1502
925
9743
2558
4353
7791
3090
3971
442
3183
4051
4349
1720
1934
9218
4096
2051
7956
8643
854
7719
8457
2734
9159
3399
2056
260
4455
2616
842
3890
13
5339
6960
2081
8524
9004
6976
9416
3370
7927
6671
1144
2869
3559
3189
5200
3434
601
6777
5824
7627
9957
4915
6521
4093
2386
8922
4176
3235
7556
2421
6497
3420
1979
7171
6152
9985
5300
7906
2214
6907
6932
8958
8062
9525
6098
9820
1260
9125
2183
1452
3549
1312
6584
4364
1208
7266
1461
9088
3646
1787
110
6286
5703
4980
9455
3789
7256
5300
2068
5158
1721
7002
9135
5426
7249
7000
3020
3401
1132
609
2035
5040
8084
5868
6473
4072
9703
7633
4463
9182
6928
6497
636
4470
7941
7965
5280
9916
8559
7866
1947
6371
3866
2964
3307
7103
2377
8761
3486
7714
6095
390
9443
8634
3220
3480
3284
9180
4309
5672
5845
4049
8763
5344
6668
6026
9740
7571
4818
3468
1000
356
5782
7341
7259
6233
6661
5531
3319
9282
4415
7176
6339
7462
4654
2568
9008
4001
8276
4090
7723
2465
5472
7669
7500
6968
5075
6094
3545
8210
5424
6462
1785
1761
3184
8391
8260
4549
2266
733
9204
7293
3450
9915
6445
2087
3357
4163
2372
5793
4928
6782
7989
7405
4387
1921
6975
8400
1215
4292
3104
5945
2160
8760
3318
6762
2067
7229
8809
5792
7697
6933
5359
9220
8978
2958
743
390
18
1601
6157
3328
7252
9527
4619
1018
7836
1074
1499
7962
4989
6645
4032
5194
5513
7606
3331
9879
1184
4509
5077
3153
2928
4423
3592
3864
9548
1581
4072
8397
6180
3009
9646
3428
8511
6197
9031
6683
2591
4420
3961
3222
8597
882
7041
7069
5606
7661
8821
1516
1260
313
7424
4651
6650
2754
4617
5454
2513
3785
5444
4182
8699
5702
8915
9206
5276
4602
6610
5739
6639
3097
833
3988
6447
5121
2965
8251
2035
678
9851
5872
719
3473
5730
9388
8351
2915
1073
9171
7890
5502
7135
670
6865
5386
5511
3423
3293
4828
2617
9210
2165
3250
7166
435
3510
2405
7070
1798
5965
1675
649
6182
3361
4079
5082
4369
7366
7943
6641
861
5265
9732
5722
2025
9783
3410
2141
4869
5205
8334
8997
2125
8796
9759
2552
6876
567
8481
5324
2787
3892
7507
7098
5528
9305
5017
9108
6453
1056
6763
2871
1594
1090
7290
3335
5322
8139
8690
7791
573
7508
7163
2656
7493
6915
9367
7778
4433
4775
7487
6338
7091
7059
2510
5658
453
2218
2290
4910
401
9308
2355
2048
4556
5018
5551
658
4442
8584
2225
796
9089
9203
3842
8486
3334
2679
3054
5710
4313
7545
4777
9619
5605
2409
2249
2169
7887
7590
4315
5125
5195
8269
8396
9649
4188
2224
1370
8953
4101
3343
3968
4028
752
102
3084
2385
869
9386
4155
4477
7216
3600
1851
2924
1246
1520
1048
2382
5720
3261
4563
1480
5538
3575
898
6202
6261
1458
674
2266
3138
632
5158
240
3099
3458
8976
8526
6093
8643
1609
8059
1412
2196
3760
5232
9425
7121
3452
3736
2825
3759
7202
7615
5047
4001
2964
2277
5457
4810
9614
2755
39
9500
9801
8244
5464
9560
4504
5737
6520
542
7682
8750
3871
2347
2987
9445
1362
5611
7145
6073
5330
3221
8190
5077
1107
1736
882
802
7007
8319
2587
363
400
6075
3043
7171
8667
2525
9116
5530
9820
9354
8468
2010
9458
1229
977
2612
6456
8623
6818
9547
6404
9001
5055
9853
5846
8915
3543
3288
3510
5906
6442
2564
9587
3772
1949
9298
1370
1079
3242
3575
969
1729
5958
6565
956
2683
5951
9974
5515
7706
6541
6747
2538
694
4339
1516
3321
7172
8437
9813
6247
8355
2629
864
4549
2886
2767
6494
3366
762
7143
6513
5935
3287
8625
5430
9932
659
6205
7739
5581
7597
9691
2302
3584
1950
3978
7793
6340
9367
1955
2889
3237
1784
6538
9142
6283
7411
6898
7345
95
9415
9774
9030
1935
765
1562
5355
1019
8074
279
5508
9815
7482
280
5708
5627
3150
5961
8513
1481
5231
6042
7440
1959
4743
1404
689
8995
8415
1444
6913
7612
6690
2564
8024
3257
9860
4259
406
6926
1821
4092
2877
8170
5182
4727
3120
6910
702
3625
2320
7809
9901
758
6783
1772
9670
4494
5432
1291
4603
5557
507
4585
1919
7814
5433
7763
4144
4596
5144
553
5298
2842
4840
1716
7984
5247
4087
758
9242
9478
7675
1932
6353
6886
2793
467
3448
1981
5551
9002
9153
5009
1942
8919
6149
1584
7193
5292
5105
2435
3447
3161
4681
7232
1575
9150
3037
8155
9263
3916
7057
2187
761
8884
3214
3846
1778
3752
2098
2814
2989
5474
4217
716
573
7830
2384
4470
6288
304
6937
4255
1491
4630
8716
1015
7842
8954
4094
3959
3609
7451
7760
2337
4101
4325
7698
5256
3054
5552
3668
1454
6480
9944
1289
4165
5905
4050
288
2935
6159
1898
6701
6653
4000
9518
4621
5524
1324
4165
7691
3715
8780
1255
3901
9171
8210
3326
3765
9165
6661
2672
5042
6311
1387
6795
3859
716
6447
2025
4967
3244
6270
3251
496
1243
3122
9855
6797
613
332
6436
7142
5322
8053
8041
5908
4387
8758
3787
4131
1032
4259
2884
4325
6424
3586
9084
1739
7325
5187
7271
7369
7557
3525
6738
5723
3780
5962
1922
2836
7055
5676
6165
1756
925
8241
5430
8043
7275
8115
4241
1138
6178
5668
5695
6301
405
1453
6813
6071
2382
1065
5476
2631
2816
9937
9035
8185
8046
5544
8465
7526
3640
9345
3241
6780
6498
9976
2023
7481
7937
3907
6708
634
9589
2143
8992
3803
6387
4528
9999
1257
4586
5967
1539
3012
6869
3480
4644
9214
9786
2875
3807
47
371
9048
4919
3346
5629
8071
7659
2696
5883
4003
1573
7323
5691
1840
7733
6225
5982
9100
6660
3513
3300
4633
1995
2788
8616
1162
9098
8377
7884
1949
1532
4440
7721
1014
1171
5731
2627
2456
4119
2056
5352
1415
8470
3062
5846
9544
8239
4730
8208
3686
8256
9691
3534
1798
2294
2622
8881
4011
888
6015
4225
4633
3313
3107
9908
2745
3094
374
7216
6799
7142
8528
9156
5602
6182
2898
5159
9407
151
5980
9815
7265
1248
2235
9944
9881
788
8057
9107
8188
8936
4217
471
8861
4041
6501
8751
8297
4024
862
867
2227
199
2719
8836
6672
8230
4678
8687
7386
4597
2062
1462
415
7793
758
3639
5513
891
1240
6929
4411
6978
1456
6641
3725
8355
4375
2593
3969
1005
8841
3219
9091
7172
8424
8207
635
6486
2238
5230
5423
5884
3287
6833
5335
3908
4569
1788
96
6166
5724
2991
1249
9563
6973
9508
8011
9946
2534
1179
3341
602
6727
4940
3810
6224
3229
1047
9105
6754
4686
7344
3863
9377
5380
8788
1097
8002
8532
5829
9539
1505
1264
4666
6567
8636
2989
8979
6956
3516
405
3443
1953
1595
2323
9339
8714
114
1512
8020
9862
1313
7248
2981
9354
2837
3740
7869
9912
2869
9759
6177
123
9460
8398
8471
8084
217
6723
969
8980
5899
5726
3174
9507
7789
865
5195
8006
5099
6209
2711
1987
9577
1633
2601
989
4157
4274
2972
9861
7906
6640
8744
2964
1157
2477
9278
1858
2091
380
1265
8242
8111
7799
3998
2793
8334
3999
1399
8405
4372
9537
9108
7122
3803
6621
4413
7877
5038
9420
5777
2980
8947
7265
5660
9680
3666
5514
3448
5362
5754
3231
3680
3009
6962
9680
6166
9573
7332
8783
8593
9901
9300
3334
2478
3120
6542
8460
4150
9725
8986
6765
2727
3716
6472
2993
567
5540
6523
1407
5121
8403
6011
4186
7238
7020
4698
8717
5977
548
9329
7542
8687
5757
5732
1253
6409
4639
2391
8560
6111
2460
8563
5689
2488
8681
6660
9536
4747
6493
9429
1043
170
7498
5797
3806
5294
460
5899
1237
8735
1732
7531
9428
1147
1391
4221
3627
3051
9220
3014
4792
4558
5670
9266
7363
598
6837
8214
8892
5750
9564
9859
4398
6658
9429
8445
5497
7924
8515
1774
1013
7330
9886
3680
7903
5536
3746
8063
2032
6472
8028
4609
2507
5222
6669
2006
7938
5282
2058
6126
8991
3750
6563
9174
5662
6630
7145
267
6366
7296
6867
880
8509
4047
2133
2942
2051
2353
6332
655
373
1416
3678
195
5060
2749
3568
5211
4229
2779
5429
6820
5447
8304
445
6893
4307
2322
4345
7306
9213
2802
6311
3495
3695
3727
4096
2545
6705
6213
3470
3006
8858
2153
9404
2820
2606
5694
7926
1206
6232
9381
2655
1118
7518
439
8071
1429
5517
5513
483
4671
6654
4335
7565
3162
3159
7943
9682
8362
5205
4139
3638
6950
9647
6480
1422
8173
6412
5502
2510
6593
8236
6346
8127
1918
5861
740
1457
7093
3520
7421
2062
6221
4756
8553
3740
7989
9221
7982
9164
6851
7139
9315
8728
9209
3543
4252
1734
723
9818
8602
884
3997
8040
3702
5015
8867
7478
3021
1947
2166
2172
6513
9648
7665
6459
773
9854
4340
6579
3186
6211
689
8524
1078
7772
9541
7626
5208
9133
2461
7164
7108
9364
5741
5791
6643
0
4567
5339
698
2938
2867
4494
4543
7304
4093
6498
1979
4195
4014
643
4713
8535
9211
7371
9932
2608
8968
5315
9624
6079
7922
4890
9966
5842
6299
1357
7287
9866
6414
9040
7531
9756
1160
8991
440
9030
9138
8414
9449
2147
9333
608
3244
3336
987
1797
9867
1227
1477
5550
8912
2377
7702
6966
9848
6989
8138
8481
5644
4106
1580
2897
1745
6533
399
5310
6317
3815
539
664
7910
7276
1132
9597
410
193
2617
809
2464
2768
9185
6999
5074
1880
5813
3139
2878
7473
3211
8691
2104
2489
264
6495
2121
4072
1722
771
297
7302
658
2422
4264
6387
6385
2525
6148
858
7631
4711
123
5936
4385
9230
6338
5357
9753
8056
6205
4323
5768
8970
1853
5094
4088
4682
9519
8571
1753
3037
820
5457
2871
7817
1971
7054
9994
9546
4215
7130
4333
9295
6751
119
3453
1233
2592
8267
3927
2557
4270
4688
8099
3619
3785
5753
8543
2914
4077
8464
1630
4280
4630
9184
342
9728
5350
7114
8562
3684
8683
7784
9792
592
4319
1683
1229
2796
6203
5322
4046
5515
7605
358
8112
3814
3760
1766
6099
9076
8227
3767
7224
10
133
5078
6606
3915
2678
6899
1075
7865
9346
9883
3240
5614
9237
5618
4753
6169
9836
6422
7560
2341
4942
8490
3690
9414
3429
8994
5898
8046
827
9030
201
2485
4334
8499
1762
2344
8960
3913
9411
5292
6692
9694
302
7502
2355
8105
5262
345
2320
276
465
8074
2852
5083
597
9078
7793
2630
5012
2000
8895
3193
3571
9236
4644
3552
8375
6758
7724
2569
4295
6227
3533
6911
7222
5016
8406
9871
2985
2917
2324
7658
2489
3184
5763
3154
7709
980
9225
8937
4476
4434
1445
4821
4803
1332
2889
8267
9155
9865
9304
2113
2863
5463
4262
1360
149
1096
7498
8713
3557
868
2469
3212
7764
5075
49
5178
4448
8385
3785
830
6215
7396
3702
5394
8202
624
3772
8427
2105
1011
8247
9077
5492
3526
9916
6625
1080
475
9242
4041
3541
5835
6441
782
4767
2384
5951
3976
7722
1200
6362
7512
8929
6327
1323
5036
6522
3694
7350
5185
4461
9426
1466
5903
5752
3697
4844
8731
8820
5996
1573
7093
9126
5543
6909
3106
2123
8547
1915
155
9337
586
4590
2823
476
9026
3841
6878
9544
4813
7118
1720
8359
9552
7824
727
8666
7726
9546
1524
7107
6177
5136
7322
7077
8698
493
5734
1366
2668
3380
1650
2906
8300
4495
2353
8746
257
3260
5749
2560
6492
6516
2424
9587
2579
1130
5299
184
2057
3958
1968
7054
6836
8986
2363
5217
6900
2778
2679
9780
9686
2089
1196
3204
8893
116
8772
9420
8245
1765
6629
1529
9003
774
7543
5917
2857
3445
7823
2143
3918
8719
5896
6259
5410
3528
8546
5323
9884
2464
4087
6712
2861
4327
4560
9711
3329
1586
5829
7561
3283
4943
6512
7123
2672
2568
2635
9004
4162
1567
7332
8580
5949
5302
7671
4237
6405
3869
1832
8073
6309
5217
2405
6415
3455
7782
949
2923
5550
5753
7026
5883
2278
8214
242
3582
9545
1546
4465
9816
9287
9706
3190
9994
9875
5465
4534
511
3845
5926
2534
7444
3159
6233
7405
2179
9915
1764
205
3426
6483
7991
6975
76
6682
5381
3347
2827
5381
5370
3753
8477
1929
8178
1433
1888
4577
7588
7416
8297
930
7717
5179
3847
156
2687
111
4093
9160
2703
6984
6477
5639
7863
9418
4084
2293
2268
6421
9894
4599
2205
2673
8266
3668
820
9729
4507
2131
9625
983
6677
5777
2758
4776
6962
6306
4605
3464
3277
82
7056
2857
8233
5197
1537
939
3783
4477
4174
9850
3547
9562
4759
377
3260
2163
3156
1404
4529
8546
1629
1959
9851
9626
110
2966
6008
2579
2080
7000
4935
8291
3633
1086
3090
7995
4410
6356
5348
1543
7807
7349
1603
6902
3910
3693
8329
9924
6070
5575
9927
8629
5798
1478
5942
1416
3017
1030
3983
2502
8088
5151
8982
2892
4142
4064
9805
7454
5931
4112
2341
2156
1545
5851
7485
3646
1418
2370
6186
9035
4368
2555
208
685
6906
6915
1410
2539
891
8856
59
8910
7156
8255
8605
3858
9695
2104
4869
5162
8663
6472
3896
1672
8169
8271
4061
4442
6006
8185
2361
914
7998
7969
4733
4327
3063
5062
8045
9041
9816
5655
376
9316
8253
5777
3873
123
3136
2980
6558
4974
2938
5928
3806
3845
1876
9611
593
8782
6201
8163
2336
697
1012
2076
4646
9074
8046
2032
79
7061
9168
9471
6072
3200
9418
2567
8336
5946
8652
5895
3782
3402
4581
4733
143
8704
596
7082
2402
7056
4534
8247
5174
1407
6821
5581
5314
9852
8609
7622
9889
7994
7370
8987
1169
7139
4836
1189
3158
4536
3201
1251
1766
8999
6426
4617
6726
4288
2482
3952
5693
5267
4843
9588
4247
329
9448
9425
4481
2088
4888
3349
6865
4471
6550
7357
9779
7696
3443
3368
8401
2477
4087
4865
909
65
9518
9482
6168
1648
9871
6778
7335
4935
8298
1926
4241
8886
9655
698
2640
704
690
4977
1063
5189
6390
1570
3009
9466
1495
8974
1873
6900
6966
2632
5719
7076
8258
5558
9826
1800
2290
8694
371
6716
204
4683
5987
9241
8408
7552
9743
8468
682
4054
1364
698
1965
2408
6475
5734
8744
3213
7779
1538
722
6643
8480
2951
9238
833
1008
9044
7907
4435
1046
2888
265
4240
6553
1411
87
3293
3230
24
3113
3272
134
9218
1395
1556
606
636
3006
8674
2531
2883
4001
5464
8129
1749
2366
3653
309
1904
9118
8383
8098
5795
7386
3752
847
9482
9926
7007
8112
2243
5641
1796
2413
2211
1014
4686
2160
4540
2492
6563
1563
8730
303
7040
6538
8815
9694
5140
7671
4907
3703
2315
3776
4204
7721
382
4854
5860
7325
3766
5602
5376
8199
6475
2772
7886
2136
8676
2186
5411
1627
6092
1732
1382
3908
8166
5440
6855
8035
8239
8232
1954
4427
6278
4766
4587
7350
7662
6733
1410
8131
7694
3477
6018
6777
6439
202
7807
5429
2588
8267
7738
3697
3693
7953
9046
5003
2046
4456
97
7100
700
538
9349
6601
9125
1120
894
2855
1842
4865
4049
6224
6835
867
7789
3032
6352
687
5170
8221
5996
1453
259
9667
6632
3701
3505
8835
7800
7687
9193
3622
7188
622
3150
5117
8959
5796
7352
4505
2721
8526
4151
2462
944
3567
3247
831
3581
6635
74
3979
2653
6938
8190
2154
389
7920
9009
477
7957
4748
5708
8319
1010
8149
8620
2846
4263
3801
1554
9469
1990
9644
1640
3434
8563
9855
8523
7361
3707
7113
2066
5085
9314
8786
1566
2320
3220
7140
1110
923
7144
1986
7402
9194
8810
8603
6472
278
6583
4224
623
7554
4871
9917
3597
4946
7066
927
8946
1935
467
4812
846
5319
3256
5438
931
6032
639
6956
3414
2410
9200
5398
1474
8251
7213
2859
8660
8528
1021
3781
4908
4055
1610
1196
5796
3575
9815
8117
8657
2053
4724
9405
3375
1949
4039
865
1099
6980
8935
1688
1182
6470
6675
2222
2119
8211
8117
2276
3225
4757
2937
3301
3805
5084
2713
8192
781
7384
2896
7070
103
8842
4422
8750
3545
1079
8242
3289
5527
8894
9355
7762
890
9804
8169
3370
9357
8697
8181
5874
8050
4336
5514
5223
1050
6300
4771
1262
9856
3875
6622
3129
6093
4270
1120
4963
5810
3085
1217
1652
7658
7779
3753
4621
504
3909
4256
9301
1139
4093
346
8147
5490
943
5551
9700
2777
3813
2028
3065
7938
6311
4318
5692
2289
8925
494
4292
5694
9136
6487
235
1949
3268
6581
4952
6402
1722
9422
2594
6429
8341
1692
2366
9814
304
7636
7541
8336
6501
5778
2413
6199
5609
3502
1597
9374
8827
2277
6331
3457
3548
3305
8773
5771
1687
7339
3693
2682
2726
5114
4405
7534
210
633
4963
5075
489
4435
5708
202
4220
4850
3440
9267
5943
9886
4320
6755
2186
3159
6843
9930
9125
4453
9971
5434
4466
1311
6511
2377
2594
8642
8112
6913
7056
1905
3283
5675
3723
2938
5237
179
7852
7254
4347
6187
2601
6271
826
1463
2014
9276
8246
3898
2143
3693
4209
7932
7551
9112
1771
1759
7563
5646
3943
6239
6956
391
5264
4652
7280
9690
4578
3725
6518
1837
2973
6512
9918
8886
2675
5239
5916
7127
5362
5495
5897
2507
9599
170
7478
1875
6348
5225
9197
2650
1153
7103
4802
7614
2329
5207
9973
1106
2220
2547
1194
9760
3628
4586
1487
5212
4833
3442
8533
3438
8933
4818
9113
8294
5013
9326
4957
1723
8715
1505
4049
6005
8973
7712
2102
1173
7280
7531
1445
332
386
4061
5535
1666
9968
156
8938
