960480
328808
353709
678645
193257
765729
190702
693766
11609
479723
897484
899704
73627
743377
62172
989259
950994
321967
383932
596432
280381
842320
534670
745855
238228
828192
978061
551264
320235
403685
229184
127104
697951
931365
293584
918831
844653
212050
48385
245601
686814
510788
543592
374057
270490
357861
697896
306480
583227
151104
597030
741482
315890
120655
803988
463136
389384
903083
480183
446625
998632
260229
541112
510610
956831
482112
39454
335983
627749
194171
293326
270983
479303
861262
755809
885807
813627
921555
105488
180895
607009
388844
200608
752000
818460
25412
627851
403309
53473
892091
722936
54235
693643
299652
266221
238209
411057
343934
422565
440679
20427
238973
896624
847252
898017
440138
777058
500844
782388
497014
81730
875679
769018
680848
180304
697513
512773
283441
349043
852527
308177
35133
717080
663041
302419
559250
939533
52998
599309
507624
386201
841652
36631
911989
733507
653822
630936
528124
160974
322956
30083
121019
591083
738295
207841
736606
155702
289183
513980
366841
73212
660599
577902
701827
401349
180065
181534
394169
485367
282526
313258
1062
810248
647606
414659
973546
746544
723897
277417
865712
59910
266245
861408
988353
971134
530845
985620
752613
22663
305168
579710
394025
359441
229692
129512
657317
84577
666125
290751
609929
648985
76466
814754
851716
186573
535002
387553
406279
615105
697048
370652
801728
400928
492717
652284
77998
697786
526537
173185
401325
72854
948617
915810
255732
216765
189513
667622
486880
129427
253602
158767
571055
8016
356178
894496
756353
918287
766053
808007
489269
937291
591115
703964
804767
261248
677905
897522
831329
732565
882524
910443
344787
103876
303981
357260
420974
803904
210094
884561
463442
715688
308944
603185
26920
127495
527396
112832
514153
419769
849186
763657
309124
955501
987983
129496
412798
403402
387653
132024
322525
685496
994258
702549
766444
997593
912258
613738
663370
510501
718989
221425
13611
344022
958221
854750
278174
37444
774626
309061
615569
442875
212114
953700
789125
836848
615675
168129
875995
875095
641037
612792
887738
185737
997585
425740
249606
848483
147641
373984
490718
550636
764207
769215
797766
842576
41164
607906
981491
752763
636572
578234
731964
370657
810960
587161
410674
808398
450695
471570
388071
336606
138854
663248
237243
682445
837392
424663
164185
841435
42264
492505
598891
969718
398431
108916
533705
577003
901434
265994
405364
887689
4485
931130
870185
921164
399293
508228
773841
693941
900712
256560
887187
248008
147978
834524
789871
268019
214261
688586
705170
181844
579366
789504
695295
182054
606540
264690
224434
704992
811017
116040
716236
697484
719080
508194
504183
891475
736435
822720
892153
357924
700581
37887
203445
702511
112826
927527
139147
542361
456600
829200
365383
18235
941856
860778
674127
172150
258581
561538
621507
287704
242877
284294
605590
603350
610692
787751
136690
108108
626906
374261
307871
813455
601346
569672
247619
537128
843774
837209
974920
100461
992634
643855
749158
497577
833917
34799
503314
215244
711183
82769
613761
576731
891609
89206
855920
117515
149196
157554
252316
64154
624243
308550
796354
454494
672434
399644
728719
786511
531338
258421
429758
619102
742132
460339
966434
520789
542825
197560
744082
836634
123521
98067
339854
224110
706041
475766
968375
165916
809673
142401
269389
992294
368288
553857
112997
86101
513706
759715
865983
417066
66177
727134
267234
657313
306004
906410
986752
226353
637852
966644
238341
304559
830683
580531
719787
862069
259972
222543
285626
990284
996362
399900
330591
176857
663240
469191
331613
761234
896047
44075
107690
835061
958395
429688
795868
1568
58787
523171
72654
22328
331715
910115
119417
799961
569759
252500
795009
921178
560098
177008
296973
55713
855020
437885
957424
852827
625400
326379
978249
56406
846814
735399
706697
704968
34715
163494
706699
56035
995528
584149
610415
143566
47847
363760
552467
752222
467786
109409
474425
63491
866018
807514
323500
684940
716776
137344
208879
885733
275981
528004
686768
924699
660906
461928
479918
713294
126956
133849
820717
428228
394870
834655
539407
664645
820873
794511
971867
222013
489312
356463
230970
650962
840477
117231
936025
433383
935614
175966
362325
812385
623894
318232
450848
330295
383261
717875
52352
953982
639577
254138
39158
540079
243771
914057
651500
37064
974847
414293
297491
572156
150307
371920
285323
906688
545175
511389
611382
125260
207001
658322
211202
869019
492397
852207
223057
250367
247621
221817
633494
320333
255956
191221
165013
192556
869544
388597
51420
878507
588368
190384
904105
134554
122697
98484
490925
533048
73226
751888
559573
186936
534677
797804
607240
1573
416972
709022
698499
967546
832087
749095
208339
911487
666191
240459
569467
545387
109813
452215
591598
431348
436068
829074
928168
640345
558197
322641
345011
893190
898637
652862
394524
402648
917287
928530
40964
241205
356843
545372
728497
496752
739202
668806
228183
947727
248508
310542
757788
315687
45491
363402
373758
463598
316905
338415
57347
932290
988121
35072
752787
349924
870866
806370
159287
904952
523581
861873
123881
427539
822188
971441
122950
347508
772318
783392
513583
85078
554416
822680
605425
713009
53921
557585
550637
747681
211745
492671
382155
599921
696648
597719
945806
555668
878652
199245
579418
552476
667490
571744
861446
780358
931801
478794
704283
814876
720628
618616
467288
501090
802523
984237
404412
612417
589914
295830
314021
66165
762028
65437
267735
927573
808683
387953
779805
202921
963749
253500
276531
412876
991308
459518
424203
203713
870401
179940
957867
463296
198219
978582
181063
946685
486469
592344
124414
474409
55377
768466
107580
652521
343624
53384
382180
597494
741361
692398
37933
828656
576897
280221
749009
986546
854215
121314
551556
39666
240463
759731
172832
661597
976455
428784
663724
937537
149857
569559
204014
354594
400121
476007
88705
374243
371551
424760
801144
273122
163049
481138
396966
511220
591953
790744
831715
75341
27068
938904
9951
878329
634295
801325
162017
733480
84820
428537
582483
143920
63526
421069
383639
573211
656281
266896
50094
222522
294967
555846
8340
893779
879960
724338
627107
181804
326400
349464
267445
316913
698601
929546
391346
215073
88618
492371
347070
402950
755486
413370
435639
116463
187511
407552
789526
10958
766132
76249
144974
942867
645756
497718
11170
793915
64724
284394
797950
122152
249856
800361
161368
20877
38442
194927
56997
282251
281255
534212
705922
370190
819597
408177
449412
703824
870201
704742
775265
921774
760576
601659
631718
100805
655232
311491
714105
179444
133382
593170
444157
166969
852536
727948
74255
94547
637652
841921
965015
123945
254079
500094
667340
47713
20916
285285
341444
72913
118215
877012
148303
247433
405556
301258
43633
4781
268136
436157
826819
397493
196565
626337
566234
884556
522582
736063
77347
91207
766830
653399
102896
388850
835744
993682
161489
508972
415394
652246
96285
262054
883263
946644
930010
195405
788173
145310
526194
309295
764743
253151
880708
311769
211901
962011
878441
65822
262344
489798
597940
363768
661095
852366
721685
177985
617963
232882
591872
84293
372307
312520
425394
523346
645486
967384
251400
128720
606729
339965
449442
85746
352620
374772
575290
302448
462590
804360
6707
215061
894321
429010
403003
46086
996399
689679
77304
364396
299192
822892
80282
756232
489791
356128
328848
312862
347169
673032
446018
299790
992076
399082
805860
248464
237896
303739
808689
572806
897964
790350
897928
707145
393568
118820
23014
66840
104828
468236
211477
521405
530206
269394
444432
863587
474871
146978
551219
93573
967648
114487
772592
410023
543541
926860
683755
606121
892800
244712
522993
823217
614657
329089
312028
347065
540021
865091
375272
781721
555903
940157
115402
982094
225203
550562
496773
399336
67211
256303
834591
69253
933625
719279
177423
334583
278700
142621
466684
563985
652935
475637
244703
110415
480043
305028
73870
654370
733936
663459
804460
170516
650168
585347
557477
554216
145984
945593
141274
806426
72588
342846
881173
955428
6428
342624
469870
654635
341446
323209
602123
449486
931183
988889
51278
377174
949887
923952
573100
614666
791401
232149
933620
45789
214779
397653
268773
506622
647837
368466
385435
38027
597338
185904
859020
484734
770188
396040
258707
948481
142749
287195
317822
624047
493554
293081
641592
275418
796669
928830
951758
344287
83427
504769
445037
588326
823692
687205
675617
217528
608806
202993
555249
794820
519304
856468
52739
565821
370561
58536
870301
946889
368002
842578
819337
660909
347589
669135
942437
422567
38455
427698
197010
51917
688911
794715
981155
231463
584543
668355
807599
869708
609707
454127
543604
246876
303157
304204
992310
689756
487325
589847
81288
881578
164110
97419
791486
357529
861601
487517
130571
511102
210930
414859
65048
711439
623908
61122
110561
628319
225919
965414
747190
625356
823054
112930
242948
183996
338861
334807
133379
946651
624285
146842
628831
397177
824019
682392
272083
218515
794358
248797
643340
65553
48200
814769
652433
75421
623210
466170
140766
14793
236605
864859
377437
232040
86923
823064
660024
207361
949205
561885
554052
644566
358834
675163
70564
556619
52400
762602
594926
400844
268402
528180
107966
970071
688238
971764
114998
464292
386636
322768
838164
939373
645216
123447
101088
163888
234183
663156
793318
78328
206259
590173
588569
506360
740681
77350
916952
499625
763135
670994
300628
120055
637268
640705
590720
158834
734663
543465
363964
661047
913827
112945
245909
815555
140815
177428
616352
281111
439474
113733
100583
983794
745575
929219
673427
394181
825523
908677
209913
706946
110046
471160
644854
534669
952203
507848
973685
115269
523670
191334
685973
634485
494549
53143
201065
209791
829371
369202
768837
490062
437884
616754
394788
31288
860908
14793
503631
780070
749669
411712
963610
987565
41862
912401
495609
899181
842294
683536
449962
659491
826225
461880
894251
362590
27721
654934
847163
432539
529666
641757
401429
803885
909432
464826
381070
598105
585500
98908
205614
509574
2808
801818
606735
933634
405619
674304
779783
183116
351316
435102
752353
73720
978525
522191
24005
584397
278305
955237
464298
425660
347203
107979
197765
454085
579517
620186
141323
887095
70289
37817
515811
311907
36950
413730
658330
687096
254142
137570
163051
588820
597927
366637
134666
293747
733908
156467
227378
983788
823022
212263
694012
220138
81937
910092
574370
256375
892855
873142
68972
97130
419597
659747
392474
731356
688402
732383
215623
576751
746281
368882
403918
6925
898044
435765
770878
433882
724812
826250
11562
912553
562235
575559
730174
988430
293937
41402
117961
533326
895269
294076
994146
411089
674102
84091
127363
556368
500791
75050
316412
521842
152943
342677
628509
587500
906021
918160
631528
577303
68617
343744
694711
538281
464778
699127
571981
49638
449044
329509
476334
296770
275493
642768
341379
842778
679602
548457
32963
519521
924396
582497
140189
542355
253816
823262
598704
676217
192011
301989
467346
888898
722941
578638
663532
580892
566364
274292
566875
4972
234334
701028
459534
203311
696189
172718
35399
307272
114942
785567
907687
452626
501220
860036
602065
999676
404588
807381
195525
901459
897309
301176
912668
938949
797441
360602
331690
99870
236725
108398
548557
910381
742584
192857
465325
584711
673507
898962
378990
440028
488634
978950
737079
494617
803079
679075
74300
166982
92872
511306
261586
733372
447029
383860
543797
926046
60649
627603
947729
666168
877062
234362
414248
603043
353651
973196
580308
728929
337071
104281
787839
168636
999385
74413
142127
629894
356867
759311
507301
71060
246521
755239
848812
236482
495190
566605
421058
871941
383487
411046
420995
319527
963918
819377
392290
486092
800847
335674
402774
742924
516741
781819
254413
748030
998164
180951
913592
63130
954921
663097
208758
937016
971793
997035
42140
582168
101610
409415
570320
333935
15836
329573
366745
413876
587624
651348
169668
607018
404066
381664
841353
227943
149948
72852
858861
503964
403644
292345
992326
901909
986205
290723
813522
621284
188647
285374
670860
632536
914670
792069
618109
610834
277711
363825
980911
593185
498799
400743
334852
894782
68906
624084
335930
84178
457667
967046
873495
589743
91145
714813
616007
270627
535043
938989
86276
13469
673018
872979
754503
3335
122693
143406
336419
65810
967644
295109
308438
930573
850308
184307
680496
60224
188968
984973
548993
948280
6241
835118
199049
629775
350825
780409
712144
378850
889165
946325
42976
621573
486946
152299
199910
111345
640098
763552
337826
941594
953076
539996
345697
255756
730816
296939
334174
19877
744165
549196
277263
858259
240520
387533
90551
281047
582847
959986
639543
368428
554690
71594
696985
28633
724819
877526
929286
50535
389666
412750
317461
915865
748854
976070
730831
690996
705388
856540
263092
682672
165715
736986
246746
986120
913922
70573
424392
345560
371750
655575
653744
175365
443159
333947
584107
45802
592923
214285
755284
444594
189309
57730
511551
400292
934747
369820
720491
694278
317711
818581
226077
134151
78089
729376
391734
88851
751858
475921
777223
15152
91489
774348
748719
889860
260955
26538
554270
336082
489589
859459
409685
320697
496867
975060
889795
47670
932867
751824
74845
484773
191939
943746
2934
378025
446099
607032
345247
859280
6543
953167
362256
492806
219847
687961
889323
56970
74071
764192
936676
149594
19058
606792
613356
248221
45089
637822
444982
359753
977991
424050
288763
18132
664512
455073
524883
947188
693141
641282
654542
205312
317836
724149
785095
567732
643873
629573
140824
891890
333157
381139
251732
675234
723570
469766
873219
26439
940176
809338
819480
595397
523864
308351
961811
891390
261263
132153
832932
540891
78267
941615
298206
129084
920612
159641
675621
85337
238343
538652
582163
365139
750758
565349
132473
233296
39979
117969
221199
268143
465170
228244
983896
283521
255919
13298
211978
817807
735788
370670
356777
805177
629471
155577
818075
111958
574972
785488
465987
897843
654436
638828
384727
328476
384286
352640
448580
512554
18893
514168
138063
648193
597629
841140
179781
816288
536884
613164
503134
563658
438686
766658
126595
613514
242804
873551
863378
608074
88832
274741
879592
782811
256742
386473
566575
149486
95555
877423
747729
608256
478904
317571
632772
935054
403277
911604
745818
249685
673311
312953
287992
763127
229357
325470
999500
919754
384649
118301
797642
769818
286539
715371
821649
949507
76393
390593
833883
379701
372213
316650
696156
259648
352764
236631
531137
369434
937485
45594
826245
901090
569284
616397
527548
838588
242627
307617
128909
910857
116252
907971
843240
54804
566081
709842
137666
903435
573055
349063
842477
76175
805684
671190
788812
207967
234286
306421
975737
5705
45476
5971
833966
558104
236988
825481
713299
781571
673178
260179
440027
483507
414154
981174
246339
364801
833260
575807
840643
165855
228267
321531
974697
712045
904855
104576
288201
890278
627850
907077
764856
313620
114504
163884
595159
415824
324178
744333
559537
461857
464261
484486
235965
675563
425492
632775
626554
343485
732761
540183
381124
324975
394147
228316
72767
811629
941884
855968
837796
966611
698273
596705
757790
406730
616824
230154
980369
204644
454559
52177
123011
27647
201445
685752
710961
455788
269539
55709
179059
819704
981957
493408
7686
527655
264251
689517
340956
586674
517375
35442
290472
76494
6007
348387
377750
690535
697938
121416
654310
863081
406839
371966
493465
978677
953514
572965
923811
694251
679986
403374
123183
671224
553023
260175
343989
710790
46030
393650
890446
212225
871779
214452
41633
408390
293603
391010
590211
31156
735719
502373
321198
656137
136820
209643
580422
658712
346365
832603
404050
406635
905046
542458
669663
111168
553713
134857
829978
497466
436797
104079
489491
186112
518304
911594
126479
136250
602428
675402
842192
570505
261189
229863
719083
385410
182843
734901
488115
328417
327378
604919
196018
734248
955161
653675
869198
819040
804104
547447
387665
750980
190715
207479
101928
564202
203827
389858
394766
61712
909529
327039
218616
189726
81335
813938
307585
962680
991202
727839
243009
411366
103332
514458
241065
491254
901151
911382
285026
616801
208241
426031
259202
902308
895908
239094
536360
865683
425487
509690
808479
100616
214190
827048
830156
234892
818922
506851
768094
838909
669458
998623
487731
811881
697324
306860
605766
594678
442595
625038
18940
879268
144008
285594
844536
248760
720051
611272
497714
656660
387236
174650
377700
183402
545762
552696
209364
204887
739044
483206
33369
9398
248692
497770
355294
24256
148893
491722
310027
197076
440302
528805
142777
78387
269340
755669
896344
931767
837222
119306
866857
809900
731789
767737
364860
866016
660945
34807
341688
67455
641773
629599
704635
767877
147639
697836
783292
160972
822592
597760
959487
919772
568112
120276
319150
640006
657073
633361
462294
426949
948614
739824
510689
551629
867020
608998
697780
838137
245890
249969
279714
593712
868201
104695
659032
141941
84177
883619
304499
394006
463701
937445
968065
485046
604985
501186
463842
518004
609214
738226
415139
252018
38832
927100
953937
922105
236813
937325
808617
803154
419759
999546
509680
379263
765611
12490
932464
841921
353166
549588
229609
146553
650711
673009
971686
74530
260057
180937
547650
821031
145950
647022
882514
918774
911408
256479
651779
173510
659700
294474
241955
664061
239946
32894
802765
202338
608590
15280
933159
175626
392489
104089
733879
808310
299626
781117
768200
285780
513228
862632
585705
63416
354155
773720
551998
413079
478552
17012
734360
230430
419647
158566
266011
748775
296871
917748
146339
165056
411779
758136
97135
657293
405225
778857
887436
584289
369674
751991
475739
355819
565770
829795
246636
12294
832355
205687
992396
626567
857835
252203
571389
948151
553851
190905
761853
406603
143711
445987
945542
856103
663374
940971
450282
646975
855663
529435
127176
135111
941237
922750
430904
986295
818034
857006
50055
530836
820901
87334
277116
252495
875581
793819
214869
254764
557343
652607
124747
992241
289483
730389
32785
610439
160643
833085
250626
615870
434012
557239
190950
432660
356713
372802
115091
919024
472574
172806
280086
482357
928631
690443
266255
964139
467942
706770
507248
77665
789205
858148
368429
615843
616887
789195
394463
907378
365206
104760
347370
339660
954162
549336
883468
689131
317059
477163
280317
341925
882910
65473
342409
156593
208432
317678
201709
608599
479380
600153
109131
123928
651835
875629
45683
60053
605101
733322
628010
57528
227159
126691
28685
478215
556072
974423
882396
965828
763886
785426
870394
523514
924252
987716
395922
670296
14647
398244
501326
235852
203455
73604
199517
323193
760456
88985
59215
610351
556298
701916
483982
508667
749742
97867
661459
204766
879867
267647
267237
423436
145463
929946
451091
221906
831703
462599
156870
221345
218001
708563
75001
363069
612583
789937
489644
610601
71800
998280
86493
500198
565701
454654
458203
189144
803963
79971
48956
668806
867089
389383
967192
595813
625140
326077
706987
838511
753632
411027
336586
947923
852292
238936
194457
491885
873059
555146
545659
169085
347189
961804
739556
139214
250787
576833
271606
340798
194910
61639
236947
932674
602585
590903
333741
155
121218
341985
193065
239656
540037
745032
911131
267714
454232
486138
792333
782532
68238
357294
18681
986218
859987
303378
401462
178773
683266
790510
838238
169048
154515
846283
802065
313223
891066
902657
636478
957940
453339
208458
733456
950514
863524
816047
414704
292687
276354
777099
754006
568546
695154
154871
955289
812834
609236
723215
244954
656897
768389
954480
457215
535645
644309
509034
982289
757463
986495
127864
486833
448767
829687
335848
764369
268402
714301
830365
888111
973462
14864
252507
369417
418267
64052
27959
248305
533710
143226
277456
52448
124062
288057
544353
149616
441144
614075
517518
411339
24770
68700
299343
36030
911964
148034
326514
577565
718444
590060
435698
807176
46887
55585
865530
240906
929727
290422
769225
126357
915900
168752
753720
555310
933975
316812
956693
388921
766775
958808
889009
433257
301777
597326
53316
810320
628420
45220
54181
926596
708688
573137
456610
441438
482641
321490
462970
542641
757767
405467
796177
23620
80727
973321
627511
163064
744762
775933
853955
853071
786912
984980
360551
545547
813235
199732
961985
11580
130261
174338
664362
728500
279397
10132
169911
796278
669604
576155
688884
561572
137140
256096
134751
89219
65053
280268
596904
435103
290429
401739
205282
617393
218117
175677
788824
455319
367314
803976
14494
457230
455747
229117
284848
196695
965315
793119
921049
952554
240459
257910
79673
467402
20447
221744
857972
114517
767013
866204
730482
949662
56355
684825
167544
674997
83067
335941
622429
221459
857525
928536
475461
878172
372162
791195
830119
690284
319523
474125
788977
171965
232375
819394
422671
697864
182846
582259
334363
748200
632030
14437
438025
833355
37684
263786
710070
37476
152860
716793
583919
606951
124549
556814
644329
930765
720420
206281
742618
317026
682646
770471
984072
614289
946427
893914
822904
365616
679192
247307
750306
575221
235810
84828
505981
441398
129458
435205
336701
868692
261867
73742
502341
261609
590898
610208
300208
199246
7133
623018
735222
377703
859957
48480
663292
453161
243715
531741
971481
714908
26010
507971
343278
979594
407367
574085
764671
552101
621065
365900
741791
258590
463715
441456
995036
825547
310825
288317
389996
675085
488277
403569
294618
11187
422124
960913
610864
39037
721011
157331
921916
971240
312003
621651
797509
948412
730111
85834
177019
395097
537724
197587
931069
423597
956770
712005
398537
136752
392816
250223
354122
994192
695678
864403
683435
47517
683830
68382
793584
805304
236760
478940
14086
986287
633988
175340
971740
304308
573987
817847
50904
920438
184847
266492
374882
676076
105207
883876
75284
837458
954547
269925
504361
903969
616039
201523
548111
598363
422443
222456
434483
217596
9272
90857
632764
31605
827921
393193
58065
69297
94777
255056
789755
53989
343002
992107
252278
111002
279932
713056
304901
419054
240392
567528
719256
772557
700250
562424
770248
226544
591735
187802
871615
847760
734998
957864
573535
53973
197693
89469
881727
693181
493585
742555
512715
748923
203156
380550
316146
223760
609928
882112
574758
827043
528051
181476
483562
639795
698120
892123
304702
647996
420337
854865
341042
932200
225986
767824
886226
950121
598206
468880
682823
707687
772231
201042
721367
831913
724334
674668
511923
487690
520246
503761
799034
628769
227136
641968
257818
786224
821233
254025
5652
73019
991822
399589
157652
798554
172768
283845
706933
518383
147019
802819
626983
467840
851651
983500
812601
113438
374509
105984
104644
851563
965064
582590
286551
940492
212729
216316
951040
826950
181927
434493
142678
417710
79901
214771
791059
927324
139916
539960
364430
594443
813976
596375
900034
156366
728261
226757
174544
815898
769098
860122
661612
680558
703884
663385
350408
984753
590124
996406
603946
809205
264330
624624
1353
82754
77970
535958
174640
418300
897456
858470
894177
623198
940772
39862
85828
100231
180724
517301
772595
897551
465230
709302
409342
100668
410965
451992
84752
866113
314821
713981
846982
823056
248060
306955
688573
798488
990481
858699
373487
553953
781588
632723
56018
353539
307354
167448
619460
101696
616361
131078
951692
684966
622896
428468
222632
984014
422774
358396
671304
257011
764640
115656
633268
909116
844744
465858
700122
911818
528305
309419
45964
429786
293309
326345
957492
989728
103875
841300
56075
5848
551599
939834
200200
792469
513826
911032
866353
650788
17688
441489
666441
289619
31495
935829
435964
556500
840620
223238
79976
64033
42839
607795
828334
776726
649106
858621
780830
23568
525129
90221
290420
543382
529696
146682
64372
467343
884257
164836
271447
508067
677804
171749
852396
532857
747277
69233
379031
219074
844488
260622
875983
932269
649667
870387
761333
902681
378745
115913
441100
265736
572124
332367
366331
921952
932676
94425
302999
32589
434179
173975
496603
592896
244500
994164
521032
191611
21114
80022
427614
988161
294804
462925
664504
658434
995074
587317
997156
803245
300446
250987
352164
369002
631858
479624
206564
684831
258428
430009
299193
872472
175078
343773
42909
247870
589891
790817
831670
762111
479333
866615
631991
168095
296519
821004
431678
978131
885970
753262
814953
675526
854052
656801
938871
992538
531825
481880
931937
145126
130636
773982
520031
578980
252411
210159
362681
101202
882409
104201
212104
587706
419225
587501
104500
641720
448983
322498
974167
606720
140130
652590
307778
192070
848329
787639
998866
361679
771648
500301
817129
522950
634744
243362
90955
667239
46780
708541
452407
259785
619412
63090
677296
909424
233824
31256
269257
412158
145724
45907
311450
380441
306946
771495
86936
467046
368763
911262
428379
110356
168094
376038
296530
781878
943271
556510
169336
985141
847178
746213
514110
593489
470135
357960
893993
722649
641300
127826
773937
107688
942734
387842
797982
704293
507488
489405
303338
185606
714110
886410
990848
885813
478745
243114
254450
601554
142420
197748
804031
975345
218671
487516
968091
86244
119168
80741
141491
632828
113086
401292
556997
367294
686500
382792
533244
264931
958502
826210
619209
67477
161477
11698
12745
507309
536037
352368
620419
212617
691086
651459
125887
597363
50678
720234
681323
497575
906520
274813
98364
442013
22421
933318
192149
378606
730232
613699
961266
656897
431767
62419
788051
911979
313685
217169
17686
561413
586649
96694
794081
339536
694155
76236
710083
806732
73734
479650
986682
695965
928179
610098
632967
936927
288296
505357
906619
428174
761688
673522
369258
132227
130891
290758
682428
607567
872392
847819
463441
611075
224419
535686
784866
893157
292825
680120
566545
235886
788073
65091
365168
850527
861621
935332
419643
695967
438993
757964
696337
562162
755014
647377
45563
427519
285627
423325
897470
572035
814769
416746
560252
352377
273854
939028
119964
109646
114690
70974
183669
114252
738880
878095
687482
863854
163344
864250
278456
10410
287433
255559
516092
504672
614261
451130
152392
631649
610101
450908
865688
829497
927190
260385
523997
472209
905942
523340
100890
40700
253442
621448
261561
57261
354677
587632
22163
276567
217494
189914
684986
511085
561661
834719
696593
453651
966190
520155
637419
498002
570943
739804
267546
974674
499377
834916
750266
947707
834538
538347
952439
104643
351687
965540
824489
961670
481327
121899
911396
402425
855835
582505
35013
359706
949450
603199
19809
956457
548400
236483
617017
580386
788159
952618
698040
114779
632877
76533
595673
481756
728710
876747
66436
869030
313828
497007
659631
562190
296952
373986
843601
228162
206149
459255
936333
475005
18184
759846
320406
982579
622206
831652
363966
110921
605643
397821
368802
913168
953022
611952
994414
600667
475414
846009
729911
189793
736576
199707
61082
284665
384477
639581
288951
196730
965307
671922
259496
249404
439487
618816
621189
474181
802203
257055
939334
117558
579196
653561
469491
88746
140121
167197
439772
283704
238087
90206
777149
633716
727983
600501
420335
679148
638161
730331
359185
427493
46302
644357
524600
16048
146153
820770
5055
887747
246053
333124
494335
584161
744977
884511
381964
326072
6652
162155
372167
358953
268062
837603
728954
442870
965363
430767
989709
731393
433186
353690
975971
891561
439052
934414
510550
460619
765037
167801
62452
320921
813596
323551
640884
829586
836916
261882
811073
596718
539717
68157
873237
655309
405056
30945
51518
199536
43207
799900
786752
308554
287299
930827
16862
779682
590262
933229
826527
91716
402793
452547
134601
665177
592252
880333
263091
208671
402916
118757
55925
224447
864012
431436
104157
19048
550435
562160
326070
964453
268075
529113
282073
82908
333420
804724
380095
972759
14582
435551
48362
35623
264447
299876
333369
290558
317228
731028
356063
972661
114735
24475
779475
843579
901500
325003
28171
10796
652742
347012
109882
802194
67448
695342
226332
384415
251195
234041
699537
804658
588244
933851
329834
148660
48669
896505
615873
40754
822605
863013
499139
883015
945713
237227
690040
540658
26526
189814
664317
545862
836369
559498
742757
415892
684048
573049
422234
112066
341058
895597
550292
954613
219775
960653
768767
656119
7905
873725
831451
853169
348617
31450
555539
712997
119068
669014
236975
933725
534240
121116
645009
912150
332058
171854
951006
613172
540412
203527
481588
258765
746815
69105
520427
302221
556377
392998
418908
152831
258699
878864
5122
78113
490375
996350
39492
707584
948274
205534
134037
601173
693098
591824
972235
170473
608217
951531
257092
510512
901477
940963
726042
592343
963538
47005
783751
476246
319287
305453
530342
480887
310033
175728
930910
396740
632496
86993
836701
790314
745536
122766
681014
241247
41330
104936
471584
490668
408280
873592
493975
321124
210301
375347
171004
166621
398757
173819
190584
781432
237318
954952
565171
465137
792351
614182
67027
191572
582434
199972
897657
633458
141389
70294
488627
482687
38413
330082
856046
403232
844240
371312
67963
548421
536505
639510
179898
382375
435097
686904
99594
245187
805188
299399
903368
532269
160313
15740
108771
639002
147171
446974
768819
374292
916242
418221
197857
996839
26627
541983
484125
645574
34025
691709
218413
409749
755048
948816
722188
845502
627299
580997
230733
199156
472959
990689
66442
29015
217582
509760
566062
514009
688071
539323
164381
969535
815724
372288
765756
910572
687219
935136
295317
272540
124167
657527
663641
580258
952976
681563
661789
972213
571430
54744
51598
730177
82077
490319
203407
277150
745903
84961
704632
969596
405265
809069
327582
150812
255521
461153
711948
277654
712177
472025
737149
126265
85052
268500
577339
228205
817431
82729
395084
59327
496923
452469
138184
6155
334400
478462
609390
407007
697472
748139
605523
848190
852170
687594
599057
131305
208604
897265
459583
979151
941358
698772
88621
171713
971065
530564
945386
144286
750729
994581
972445
158758
919185
648967
762662
773560
775618
387258
514263
817443
234231
687131
198285
682451
846150
740582
986132
84815
227606
533942
764790
67033
10282
233079
43142
805920
169616
531588
244771
632797
22144
37921
446469
898634
676636
771931
971920
631279
800513
447864
672613
761104
844590
935063
900649
84890
497629
171778
236994
278843
427196
132604
224081
988057
685720
500637
864121
107263
718217
929274
436141
796260
693380
292289
648217
7997
487869
846033
806549
702300
727787
678107
706816
833548
884720
575413
470493
248427
611925
199770
214469
344806
695227
310115
258907
721321
657540
620835
819799
867951
653172
711460
416492
293719
549527
946681
600093
363695
569206
577429
669418
598072
570177
502457
668347
995974
758246
840648
632642
199014
532624
783955
571165
774457
508383
37044
492534
253717
924692
748367
675155
944298
903057
10662
217887
214422
246669
790149
697120
281993
658318
294280
788301
112100
938569
94509
5713
128041
510095
37603
486442
760165
221698
585173
122977
675464
906980
170287
65342
399935
924227
934414
21391
70919
285827
901623
156717
625175
174021
713107
902205
825530
626558
851488
146963
354312
947812
349877
740959
78608
278991
764070
274384
670039
109431
31167
776911
404859
285347
642113
712224
584025
216691
997430
645403
169971
509759
321722
670389
109912
695333
313924
316321
566691
215800
569513
513131
241721
57713
241971
267748
73722
915530
354707
624346
865913
122983
835465
970422
822134
831111
130305
70832
335163
777800
550840
437055
111207
35813
706271
916663
271712
661427
399856
391156
558984
422193
490188
954049
642375
744608
604902
650614
784203
29615
35798
680848
565709
567042
609236
470619
173565
521811
543914
443056
489546
815588
823484
453180
583326
435613
781521
28621
653512
738879
961485
759712
988104
220474
562132
585524
296481
927136
791763
425479
918885
707577
57504
511085
496864
668616
155852
217721
308900
275415
65390
303697
843462
602223
267537
337990
110145
788335
739649
961362
71669
935752
546445
114617
681790
178055
170225
106471
832992
798846
512452
33478
268868
158071
149198
869117
550220
39752
891707
114855
381462
627661
929209
323745
362396
228217
99261
776517
484699
732470
559288
344416
679240
984450
341728
598088
226696
786392
79564
859413
652148
58945
776955
893266
564866
924300
48083
191851
536439
451350
54353
951733
19284
977971
565095
701125
561108
202713
357761
881379
53641
512790
211665
971109
121573
314790
429642
658326
169487
965970
821185
124699
884459
564289
894323
897012
983014
202133
77437
109638
625951
934139
259571
651985
80698
445994
898360
534485
58017
557641
618509
938015
369570
571729
965243
460697
592370
305839
797710
894512
672968
356668
122722
357665
999069
587495
802938
816691
341006
280550
473314
597233
365778
739678
657708
337299
514011
343533
874364
759713
159979
764473
388583
266251
92887
641543
181172
908089
964715
117731
290138
594912
105323
522805
926123
11886
384574
26275
695924
873860
254938
637465
340078
200192
720244
659520
796313
739155
983575
423861
849061
111405
998211
136949
947291
3087
315985
372669
237037
466170
965936
898488
20733
900813
141518
525564
598761
706969
675145
48214
989415
672858
252766
159984
991380
250652
918210
21437
568395
198647
461628
264985
898506
971350
41663
259900
592595
24496
699422
458002
358814
819172
742908
790236
772532
20771
231083
22409
219403
870499
612144
922544
998415
339088
882448
985408
251562
152275
196411
532163
658125
560531
403037
272876
101952
887159
624776
750225
658241
859140
676848
467148
623041
249746
240023
346446
879823
962384
83834
605384
557393
782298
628019
194435
577320
606246
170045
834334
507724
463494
720875
623697
598218
929370
210678
963603
485591
830308
36988
548871
26618
631869
272925
523060
826980
687314
422398
892358
960024
379793
356336
805920
259515
231048
780996
883728
413871
711998
790332
129155
350227
985381
673907
548167
86425
597209
728970
895742
879799
397215
296224
962631
892854
806159
130574
652104
251458
683125
588848
153994
324475
986021
520966
697056
851174
300774
786726
891726
586213
246132
213534
510660
188619
869041
626898
438523
103510
959419
70012
192022
855925
468120
246104
312020
817388
946623
574213
978867
307237
122113
599952
641547
232998
292905
804955
665514
109648
700094
530903
126933
221893
364701
791167
25604
216363
17077
994317
780041
810662
684960
483553
693039
407763
91752
747362
354928
471535
988804
408053
390959
828078
635385
763447
78054
110903
778946
828057
426987
83326
399783
380232
719822
226640
926435
36952
483457
637174
523717
962907
169945
715106
49916
641254
73332
809025
793705
380107
214597
346711
210872
439454
532326
427302
925242
52876
497867
96438
433062
7203
458807
67950
507530
650137
682144
882598
455602
66967
716328
241247
666755
63081
726133
298075
263341
255972
608043
907725
879116
957824
203893
92817
81232
443353
955858
906934
767034
117875
192550
746133
877219
811899
298749
248833
57648
377451
898096
202239
31685
204023
511101
768403
959027
622307
766543
243623
696480
792275
720862
478533
45983
422986
879565
113601
522428
311000
858664
498278
643689
953291
592911
967073
522135
456025
693844
715176
925559
80704
471177
967431
417433
367132
654932
222
300771
773679
245147
74955
972699
154670
860572
406429
994655
367377
120814
25379
781222
85824
122672
865835
911721
757725
426172
428053
107985
919770
610023
273086
781689
980256
212265
83370
447344
475374
414343
875947
923043
715156
171870
947320
383342
353815
154969
730467
549630
481323
706190
966654
149099
548568
957787
984804
331590
579640
712925
870085
409040
75981
530261
977279
699292
599341
264913
587045
430937
496351
232073
525546
311986
98502
624405
747060
353867
429258
526926
646251
735070
441644
644232
623923
347093
21693
67765
899174
220967
301920
280267
467205
243777
29629
909740
325907
104135
628111
300275
431859
134181
816218
622121
333257
376910
747459
767748
747708
234369
503515
503180
914504
131063
554000
745583
221964
703996
434665
378731
296346
399808
525776
589183
480641
953747
387138
213524
411460
876500
938863
55666
728733
959871
725453
634114
744124
769546
828324
325215
42821
550441
173013
753966
19389
905073
402095
758431
626554
689444
41099
238118
535983
543042
977595
191758
250548
86377
842801
198943
977988
259491
276792
308003
553037
917833
153812
281104
618944
852129
22297
974180
396285
488767
35224
167029
428449
738346
492569
72279
263789
619102
343223
413305
212845
422648
58244
180390
405053
457465
674369
863225
795943
940458
201503
334881
729154
9879
150967
818152
820795
708569
312115
220737
875075
128673
401126
159863
461683
107967
816314
695021
112822
166339
790652
324980
115926
197871
874804
549751
450056
449280
544624
557902
29171
92301
266191
76282
431070
492011
601361
259778
924711
752036
275843
453093
601927
764087
216957
185642
575857
875835
777944
992278
130645
358659
698686
390892
220353
86619
501123
890143
968925
326833
910139
995765
279928
500983
97537
479274
24214
82687
991138
860348
889225
683881
497621
986525
65095
492065
743731
467846
816975
190240
674646
182357
242801
297528
15238
196367
986291
85501
26920
571408
629085
616748
384856
690804
627323
579529
408671
984423
215805
821287
589867
954643
831187
678282
487382
359377
481977
413937
346951
669998
383331
586546
844491
290866
118242
543843
169568
806322
691705
518230
886867
249612
957316
95427
635247
989238
998465
892113
653359
996204
623138
157882
340839
637227
998541
282228
63239
188027
893908
70968
348286
88999
371024
923945
332420
499957
870199
973732
373055
638942
513411
903377
419610
684615
943620
804235
356628
415965
407168
581646
376721
493509
6208
162816
353411
30443
878122
86909
896252
733811
512404
977350
553671
339175
959416
655974
585712
351843
36006
297827
656148
626975
174132
941501
474037
322062
859276
648932
513354
180545
898332
459209
727317
455338
272734
619728
760641
931234
907035
614070
608532
499534
749369
673413
825603
771982
108790
467095
614420
798587
142738
537040
895847
612345
819939
976108
289280
414007
110394
783765
604492
186101
640711
255780
804897
282470
265033
702901
638255
870185
367401
920619
844016
624002
294022
635345
481828
559280
78434
991288
865847
638754
752647
387124
537994
498364
189466
78759
993871
965939
182621
807154
324706
364801
581764
615491
524309
658771
885571
799657
885895
292994
215237
743414
807337
581741
561923
946680
386661
573424
115482
72836
576741
791811
609275
304859
270542
276243
980910
495874
908133
155657
199999
530185
546489
914164
842828
908106
930615
509046
98446
168053
671872
858894
792757
435609
6926
841865
693580
210856
774623
795354
7166
52276
97697
749247
293118
747492
784094
810223
132044
38061
273553
188705
857259
933771
764328
101916
49210
106397
476207
409665
971404
721392
897092
317040
313872
102068
275872
559189
738112
732272
343519
453275
232638
590262
583899
505755
858668
341776
739949
606335
49052
76443
634373
572441
493370
235520
357974
320702
976365
402657
257128
148589
430314
354903
577419
721190
96913
571647
126053
417977
46469
442894
249329
731027
293253
115205
573323
23715
440340
432839
721106
439922
100322
948093
413475
229021
434420
925073
368403
791797
278962
940933
963232
113508
12157
578928
714882
839210
57375
960976
170065
699031
888103
525895
233579
158539
572347
993817
173567
545351
490841
984748
430819
301738
880426
32259
131944
468699
245070
496815
348573
705499
202184
883232
868189
906937
512290
355073
857753
251058
523756
808593
230485
877753
565370
816760
354956
445900
405727
814438
789629
299271
777066
530947
424722
608377
383802
915292
151065
546608
587023
483800
922985
837188
919301
793388
459941
551448
824671
750989
208124
752887
151376
936787
545943
597645
643448
520949
841761
936564
111974
496664
724515
908281
213134
703777
225539
771300
954876
579447
549250
164994
943070
640165
687185
959571
923185
80698
768971
898780
471646
832283
803458
715302
483696
71548
82530
199902
111238
28124
2432
854527
196332
866709
486909
109336
455483
321178
57233
471455
536176
634852
963415
865306
618275
163839
97870
276360
999729
733308
609523
693174
530154
557920
618983
455200
456751
502620
716122
928971
527542
827356
706547
280408
539231
733316
839867
478743
374393
902633
506549
730846
180015
151857
815966
668479
619430
855599
581191
340657
450711
187669
647772
397983
263946
489359
841167
960575
66343
634485
95359
998249
519831
58221
885021
303586
350067
942545
875135
171165
242488
825647
976292
386050
989956
243208
629109
889685
549820
769197
38838
105792
831133
332582
8645
270451
178014
299706
539188
403882
456561
246244
412533
94545
51597
947947
892697
999598
28864
399564
958483
828194
281382
681063
542828
797215
700943
473641
525009
607411
467485
639617
801626
696415
326214
632295
158757
51460
956649
326571
666441
515609
764279
805827
49760
71096
929062
502135
192386
251707
365153
635404
968224
89443
416652
194977
761363
98980
858670
121531
177141
599752
699943
45525
960903
737792
746549
876332
832452
296104
963158
318100
856033
69497
554615
757540
214321
813829
332131
50045
897436
724807
166227
696497
472038
206712
650779
428533
230945
35716
137256
429929
112067
344674
920532
324167
778044
910316
559098
819064
78835
34500
852899
162547
194638
237102
161854
691261
368437
63817
994853
886794
331524
23408
557210
531010
726278
208724
93299
299118
485008
635575
800480
963399
776485
201062
566061
128330
476567
310836
456449
578961
891760
848901
517854
213073
406173
258900
762283
79171
57993
923728
23471
744398
284342
305157
211130
968471
229060
159170
356061
121303
921601
501652
206454
260090
804983
948519
698517
47593
199169
230367
671575
629635
63730
774114
687225
658551
54376
478478
335689
345107
432252
526565
700627
956735
824877
565304
384343
311376
273261
164788
786208
296897
601541
573056
315535
607912
245099
447738
975904
738403
839848
821323
123163
800404
399906
30969
200035
396929
10602
210010
389348
823336
353748
580782
592873
27088
632568
158984
185372
76876
775689
258455
727261
710949
431668
350781
296485
602358
94308
717655
596580
108965
470815
957164
932458
193668
401966
556140
336265
375872
410837
668936
672808
952106
323782
729416
951855
382929
939931
157180
26664
275864
4068
219399
273972
468536
472280
483551
667636
616420
255640
497459
831053
561170
406750
783697
443529
178019
453618
739411
421478
734725
7331
432884
877941
991899
916333
433978
921340
544695
376045
8834
658019
907058
681989
693105
182109
787754
64549
791618
746119
598595
789481
632947
399458
683407
550071
92120
29775
953139
453919
484415
12268
155281
588078
388910
123876
444301
687264
801610
199172
389318
726311
324075
749069
349784
52023
213354
655895
960120
993974
218440
279960
332130
227226
721960
205779
28407
797498
734425
355948
555087
924250
956170
865337
459286
810
821896
341217
108902
979521
891456
627884
214766
566536
561293
620824
479902
979475
110924
963819
832154
723848
456197
374863
333941
652734
132915
111336
592076
80638
951850
680313
411207
16745
706530
160788
246918
883968
827484
127860
704593
557748
62938
943575
726293
552447
549233
797000
747911
263225
955626
372424
783377
303405
510671
522110
325460
199042
391024
606974
217029
868123
718830
721663
122331
18017
695174
288888
745971
253665
827987
800216
523131
852375
212834
551399
107370
99680
10332
606489
467901
760868
460088
9064
376562
190581
195534
83097
729907
859326
763618
330260
92836
957788
531882
306444
869690
226654
570049
504119
427209
721957
327525
543988
507412
711648
237287
649561
703303
431396
404433
124711
879090
212009
600158
44882
374135
681505
79669
603685
701715
754141
539250
671798
693956
797474
160072
839136
959947
657778
914122
408371
262710
954234
823236
316391
510654
77061
432831
734099
262194
521557
238413
932927
346530
61214
80834
557612
381146
54597
228556
968487
578038
341012
304775
565584
108245
770514
198710
363867
565939
7542
705705
418803
567676
962165
52489
303119
503609
270675
486742
667552
558555
30161
19476
39309
176313
245419
469414
704242
795130
464622
82271
887073
541332
906088
215777
935246
575920
375829
667033
397864
350456
111208
584768
29187
93291
594584
894060
680721
101836
482002
134104
555807
655429
331226
753825
526425
623484
44692
268401
40334
271620
707179
740477
867006
774128
726005
42476
871171
561571
930903
586014
354390
93334
723160
288969
347471
504131
968029
703145
751717
670203
724084
408325
841138
699393
898724
126679
585495
448287
496941
950591
558021
170689
712173
293326
594464
740264
154481
849602
502488
662029
618369
186233
516433
193780
150914
942286
750366
596621
903182
568881
505252
765498
420710
553560
544534
308753
912185
149118
856068
900862
247901
347955
643885
410483
676435
822299
890459
859268
798513
372247
11790
860659
713705
191937
126411
649144
515762
457577
542988
382791
27183
135570
25090
305244
216158
103712
526670
347618
565653
158379
349952
661140
475092
712517
680114
968253
7920
293213
965422
834758
688882
263094
319827
417689
363408
400101
353150
684041
897487
870843
973595
628968
518987
768472
120018
221916
594714
736713
897554
669953
945912
278185
977733
927516
125176
261074
124952
339747
948561
585081
507847
751754
379673
955435
625146
902001
250309
418618
885828
819386
68135
650925
622096
490440
101267
524842
913620
163199
391814
126092
480742
22942
390361
951119
765674
89751
452704
947552
737608
44432
49595
587974
361487
667811
650564
583505
355992
289893
148583
877758
131585
431502
441768
715987
475270
358674
622281
347641
726008
575438
407528
610391
757505
413308
956533
988319
701252
578221
835717
591405
450962
29240
618155
686682
312809
924183
424111
130533
58808
635398
347348
261097
250650
22957
746467
120099
814935
411928
785401
735323
917628
149558
508520
33188
364750
928326
846136
349968
963154
610363
951061
148698
998074
250815
691838
874961
271879
121608
508530
763543
509088
633093
301010
532943
425570
842689
758727
85397
401682
848333
800299
130656
192561
210649
668650
819606
973325
741832
864200
504890
235757
397519
591284
331597
548530
885316
507162
395103
771265
477361
934768
497967
312273
610958
963538
637335
460793
742711
843307
432155
209
842904
920875
727243
526914
977254
363390
858111
437147
52441
809858
162587
828480
31534
724715
881448
75667
778782
694638
963075
730058
600450
70364
299154
684010
202488
769443
367358
772829
473241
428765
954703
620924
721980
592295
888012
806411
780362
735758
186065
667834
482371
903021
538867
88658
119621
137476
7138
831638
848375
208325
777667
724221
484015
734361
292242
950456
210497
144971
547400
316660
874306
19767
566363
817512
554121
627153
9610
715009
265484
665849
872375
885752
938669
901979
874413
526575
771867
918425
780072
319245
71552
914409
172235
593445
623488
806349
616636
393159
284521
512155
714688
303751
763652
289139
288928
313890
122010
656262
966098
210318
495221
721778
799063
449184
858113
255696
471516
679278
646632
810684
778652
623481
315480
457514
865578
420258
31680
15186
555193
682691
234280
203438
731127
808651
757212
527550
70596
834301
177787
982464
94826
170371
874064
165953
96588
929997
954647
857963
173475
963872
192306
522709
892507
204999
71932
599784
824757
726969
370111
132883
876043
666931
847158
522262
970610
348402
632123
352615
200481
416421
629527
981928
880373
208021
825240
49840
63208
271414
529632
505315
553613
280523
178226
752892
961047
349027
851342
854000
79146
830132
705001
971418
533697
87947
97411
928781
88926
312853
244141
395327
272468
572268
880331
369122
14060
749971
793928
946614
526955
868776
602541
528911
901271
196386
113037
589703
652309
95087
795265
693852
627933
961200
883143
673122
809192
852005
324510
357195
752977
830162
633253
698184
990162
579402
558218
255770
219113
850674
193944
289874
745841
979809
669250
249126
919260
921558
409348
802283
416857
283055
824007
820324
220395
782695
948181
585289
652848
388141
739231
738724
268109
123792
943972
838347
575365
490108
743631
173333
860759
553349
437308
166410
471151
941443
311288
354948
842332
959278
237702
380092
724686
814660
853437
894959
652665
895506
115048
876831
708424
444561
992343
349208
796627
395087
310359
624688
783777
409319
949278
705109
567485
300432
541595
817123
242968
786467
83304
425516
743140
209151
20983
1375
61076
736678
487349
717390
471506
849498
226203
468284
185191
755289
127364
624324
353057
919289
816514
366184
107563
143646
833926
279041
108949
186035
301125
10653
905478
435784
41691
26900
486185
902811
743253
264966
963614
46380
842652
803828
944760
941461
224055
114301
260750
232108
802083
704925
455919
556472
141374
679662
464445
682118
209378
327744
560501
262647
826390
355007
748325
122706
883068
856303
927708
832838
442900
787912
29659
314761
824571
570561
653431
310360
540790
831125
347140
421454
296087
824510
768195
450385
930264
887751
26663
462521
97982
709470
817596
691545
125621
588764
563070
780360
845576
530372
617717
547142
763150
855996
530764
521145
556909
640987
284083
230928
647148
606562
792554
944759
249171
464325
201128
355302
692457
123555
411104
838238
510987
266530
628881
678257
623872
305030
880901
196146
789939
409380
422331
759983
67133
890126
582543
203374
489242
617420
661512
681986
952948
940027
101511
610778
623987
438494
873526
699415
559512
266660
403063
452471
306358
352809
484643
414920
254069
748694
692271
378073
821254
533394
692832
542517
880369
239642
662438
796121
460876
988181
634291
147896
997130
509143
715346
226954
390037
357122
416908
919756
725347
970267
227472
839379
147525
200599
650882
223548
961814
187361
131578
591020
265353
340592
477447
147879
485840
98221
119206
554880
963941
913229
700568
260639
829954
769860
612692
819859
85579
916941
428958
154989
193920
434560
417699
315982
220203
515556
785956
843783
148056
970518
38235
445581
70995
844418
992761
510059
189695
190931
406785
123199
96780
795037
834647
118545
957510
20517
792739
524075
98659
398843
412026
299377
730174
227233
673854
830544
198532
715233
852810
724613
507061
463319
789790
450940
616554
432956
735339
763658
607859
781020
769912
751262
504470
525555
551402
882412
941103
862767
288760
847887
314471
769759
19962
901442
632908
341353
321690
715253
130490
635697
978198
948994
883354
362951
498878
647789
948641
707141
86229
448560
922995
16765
414721
591714
294285
718159
310130
560341
785937
262498
655670
69467
11539
93209
29749
598597
488225
895321
716920
388979
249692
578653
73984
187793
969605
354268
261835
167169
188682
869145
343993
421515
986834
680559
815671
350534
923789
308274
103208
547357
464408
776520
443458
473702
843679
161449
73927
978070
965060
143454
554636
976074
492979
773322
876086
412182
862199
941298
150705
279737
811006
493348
579444
935595
444716
914298
552390
567762
925894
354611
230900
431815
260431
348464
772428
818814
160173
790099
522718
487141
838783
726276
181511
793590
678280
856543
13942
180925
873747
344772
553685
793826
856938
210081
923460
749536
19880
265642
361604
103262
302896
319202
11740
731838
355068
608457
212756
413563
13325
658833
841998
19406
327295
373834
579071
31141
260799
48737
646760
296534
43466
139238
946277
270125
487593
908361
670266
825394
128581
546994
716983
185505
90948
874110
270934
422914
120701
952814
391799
202098
334227
430057
160045
528782
565621
661681
412218
911663
772114
800775
676917
692531
696793
878899
864363
80411
744278
359008
632714
761807
555307
141082
649061
950958
328723
40320
958144
7821
304919
441602
524727
460433
754695
283925
352407
968941
909420
395628
486776
441623
255366
330525
8717
492934
219483
640577
834016
400974
8226
123938
214200
205824
184314
920128
100269
209709
548783
647815
852794
879397
121793
662578
194963
21471
988570
286080
393680
441326
896431
881482
332322
837783
114162
138715
652662
417870
653454
756510
562385
424586
314633
661816
796055
449515
135109
682677
968470
546223
196411
34299
468198
993091
689593
43566
521649
209750
10731
391101
845661
359736
159723
476756
568823
111025
80728
603914
956907
841160
869528
617611
994006
916361
944809
440888
376087
296789
610521
953506
418429
836439
512457
472523
762430
133247
567051
804740
520506
450941
684448
335229
714734
544855
808783
106635
306347
560898
425905
508391
484541
514259
70218
844739
548291
422057
743612
661882
138126
7068
387195
574260
676583
944783
971105
183946
543385
415417
475443
998617
339896
648006
635981
442126
387278
205195
365291
791587
930393
581028
327767
11206
578628
817577
707950
187174
957551
905235
730511
128695
979807
224009
303188
331205
849062
143330
657442
851523
481643
414859
303631
60049
344249
661284
791750
441157
626770
28600
718023
60618
874255
914850
394277
969316
650689
627731
343504
96705
514405
947203
774461
586437
995214
825513
391739
165616
108140
205509
916992
775297
435240
143781
469927
823813
939730
148402
290479
157641
578658
669430
353533
627797
847682
191877
123326
272962
197556
644904
858843
901645
557448
170315
640789
17994
565777
353897
705424
323338
987331
484753
256461
119929
3584
760592
872251
776095
280190
362338
623258
410130
93773
184560
77484
327156
739965
172146
833055
923059
399629
584516
278625
226624
557981
162243
55135
866914
825894
463108
3094
274206
516374
95255
585109
772882
592734
279131
704233
800093
729921
713466
364867
76743
602364
460023
131470
49835
131313
15049
818703
779792
701924
562984
41311
701228
362102
542037
368269
155523
158616
724733
821925
340554
188962
471618
980653
421558
693130
99227
226940
150613
74335
849481
277357
665938
462803
42924
479295
175430
9830
517479
836049
864213
685226
383004
493402
460296
234489
426344
107889
1428
563373
244537
494745
102830
667827
671441
652946
829921
62486
241448
15325
405083
691634
248704
539911
179526
402397
536214
454748
392490
594685
224741
547484
100528
408734
183011
564959
585548
821079
49825
868014
939612
624391
377483
297084
235720
287085
171688
373671
841165
230269
451216
295660
444812
718203
831229
579548
896401
243919
774710
961516
7130
821797
6682
31264
895621
99535
987234
92442
264338
615316
936893
427233
457564
56705
697690
185568
820807
515915
600946
671608
314695
152583
809530
337556
520126
46489
990830
595596
866092
683123
492913
147017
553394
321202
107381
254150
726134
309581
511177
372657
439282
249337
808922
398681
738677
398457
693180
462539
475367
977935
557794
308897
524942
811285
590371
189891
120975
897143
648642
971463
136531
598641
646418
558909
414092
864627
611519
702681
798492
624687
492536
113269
766076
412140
905887
599710
790159
222794
680372
227023
184220
946029
750723
807910
445507
224221
924295
806843
728320
235228
460486
620619
413842
874655
403018
739014
164366
912954
17104
471493
208331
285247
730280
881413
121307
765056
745685
282166
775195
780655
972110
951576
99240
34285
404188
273236
533672
610422
114962
108460
956855
345779
408653
656505
840381
632251
682995
937598
268384
163453
317665
941929
654119
932290
923306
987283
191997
643695
811734
891744
347811
928438
784533
201762
290117
702705
35581
325874
6570
457399
200531
906398
494622
92115
717228
724141
761821
581968
974703
815705
713400
386469
322810
92556
271553
405697
822157
774060
824250
182333
668143
533178
83222
523814
44441
78523
296731
305847
336910
747803
479600
935763
286126
509518
657237
146004
850093
868386
736195
253371
597317
557776
712936
940554
453250
742717
939707
535924
501450
519991
620263
42029
110219
853992
270147
572433
835856
501661
767872
139363
908060
611601
337528
220988
571539
10723
722920
757146
319654
294561
134051
180837
426981
611662
303859
262508
657613
676202
968423
891149
367714
824541
676671
286589
194253
454029
547636
426117
175383
717556
892358
377606
771328
498984
299585
684101
85523
488069
77894
289824
286090
153333
685419
514173
401610
27067
481917
155329
960476
568279
846970
482756
410456
821424
285858
799162
632946
669559
606951
365087
893112
325973
969770
703522
187649
384972
988842
255963
273662
129563
970400
342957
305479
510254
790413
162929
912316
472933
139414
149343
741557
595199
174895
188599
274171
470507
182395
865623
753843
511191
966644
61063
804966
273066
886456
531777
749670
707746
450826
62676
869198
129681
131634
483183
819417
55595
586138
521395
343639
304458
227556
337548
365258
285979
469309
64973
309061
154846
907459
989240
689868
28159
315808
10434
670691
408134
496557
691649
855382
980474
673222
73282
807336
90427
167296
725602
388363
567088
419708
840725
553494
250392
278721
17129
932609
414716
643768
864921
859341
463839
998188
941997
972216
499993
257436
410079
386910
422388
739638
655828
707297
507452
546307
48559
268047
347203
428235
378805
439288
997849
213334
856322
377938
743830
324250
891695
171482
993440
910272
572683
742508
400511
433883
699363
472656
939216
796872
429016
985768
448921
265117
846469
842817
654872
283898
739493
361757
587001
294614
259396
492432
4350
131315
578232
960254
716767
558567
386911
486354
980356
261935
769271
71649
71012
341965
215560
435288
855364
555733
8088
731494
145650
392035
646429
833804
193308
258983
533930
54043
850364
956500
860748
296036
652861
669590
230829
386607
291565
390382
261416
347035
178499
98971
774033
29665
620588
976089
532182
489939
177338
41382
576586
207979
39042
53031
469457
976001
879662
439688
958296
450483
29574
481130
305547
621481
214189
791889
261790
476596
458428
216678
118892
570091
846518
126351
43192
632482
419857
228634
670089
532977
941151
589493
394078
921014
518000
520648
722364
747908
300243
942046
33906
651880
513594
988438
847780
276282
648865
855046
980939
189788
620535
562825
784627
179678
919357
672613
97549
980117
493522
777951
957583
640463
424730
181274
243951
720489
928741
519321
593666
866988
785572
67340
266656
21769
175134
275952
239831
250167
80605
662162
872879
518287
413068
115246
883973
559805
994663
648796
383560
253693
50891
703557
241315
472336
340762
124864
873960
12315
664839
919030
597293
186059
210689
996517
411401
179101
614867
397362
83973
643755
520713
982934
438481
979493
746381
468787
379489
975284
455380
824001
638238
950627
115100
764921
426288
953800
241901
749848
433312
509586
922880
406110
709280
754320
676826
532245
544240
125137
625293
75059
754370
619485
112852
629905
614273
935569
109819
864245
472333
397407
482454
268013
655304
634821
886482
917919
350410
121190
959322
883465
923959
922224
469719
857223
126695
72738
221710
423034
541948
512877
870302
285567
154316
843147
173743
996274
141246
417406
328726
118282
720567
588894
547162
890607
877082
433657
147692
169146
618658
193434
715925
185673
520006
997170
530431
756185
520800
123100
141989
370518
200912
770860
33599
415639
870413
492969
399608
602219
515914
373523
748088
350328
290315
285396
251049
87590
272915
317510
865026
960293
581316
30666
213111
509707
579266
382210
111286
535076
577074
101768
32
209094
912998
125928
711821
131337
116842
725327
390892
377858
877105
297421
935070
590069
22392
193794
783022
620625
792902
943230
717368
350777
867562
544917
954084
557446
276466
944584
54005
701772
167074
135080
936716
737719
232707
288492
297990
218941
563462
298652
106855
476305
187556
824379
629462
350228
282459
513146
652593
51802
210646
820981
492672
871907
647647
853848
176516
964034
910704
664659
462650
40623
845462
827675
331706
218694
833869
152254
718582
349906
425163
199991
347179
465145
307813
482323
707211
923899
194408
743014
474501
161511
146251
591208
853784
657293
513344
272708
785534
18148
730528
723595
727598
285418
121858
305558
438392
394690
399723
129774
95500
99771
529305
580384
316691
436110
102710
2955
217849
905506
942459
429581
993169
251448
243174
265727
122342
578054
16618
642817
867885
76640
758299
505041
350348
442639
903957
270298
804180
114380
897062
316774
346249
8968
590376
791423
276071
875099
698806
388505
136614
505708
683754
171022
146937
415741
440662
746692
630481
599205
903419
882916
205037
78129
958470
182197
104678
615598
226356
950421
474158
96083
920878
532432
850712
296207
304250
171906
294239
859798
598236
460780
267595
346471
382336
366183
911363
235411
348554
286037
420027
613055
764431
560608
99624
662565
931953
209873
625381
582813
149852
496663
499
933202
574824
147342
699807
4852
851890
235866
952257
576845
314996
799716
132891
722073
586702
634577
800103
852231
954132
288168
922965
995685
603597
588795
956693
126374
351977
993155
772841
575104
726400
530709
174039
796720
545316
229365
777441
973399
168397
814040
938050
834705
947274
906106
140199
633591
536219
328944
52060
459958
417722
560546
831176
815359
231380
527232
754091
534928
562605
255069
646885
94693
202514
587853
439259
343074
600538
58344
709094
686912
61509
603709
645483
706540
931198
935026
954515
380724
466078
539291
796544
963838
181581
848355
625828
834005
77623
439827
716108
500835
401951
624035
481829
841932
760198
879694
319744
62062
142965
904782
266916
805668
991007
26977
404670
955169
80586
220543
312559
36292
747699
222861
76644
243947
126840
400739
765261
540419
284812
153293
221222
425242
963396
551819
969523
546186
15441
103445
894121
34678
366921
612382
745963
15312
933007
885660
361739
113825
127476
296057
837484
700263
446356
814116
745428
882610
770513
478047
805993
495219
780336
415723
942218
636530
812910
207980
9319
589735
845399
698567
703644
109588
360123
34747
273055
186268
183133
773652
527280
28143
614815
551082
238823
638820
231214
300324
820193
55096
175814
310931
765848
784137
130380
737358
915754
644290
905412
813055
392854
112748
669926
78130
335581
398854
341608
648523
750232
489505
928938
458236
377143
177937
400742
513792
391654
595699
483442
30686
803693
105459
100710
556326
214387
472258
965730
348344
510848
354170
571161
658084
170380
269687
846451
435070
993410
422507
106816
857575
701283
88482
400996
664020
81440
432252
656421
256025
974896
574029
29852
904828
699196
879329
854830
484903
419941
36532
302274
237715
938654
965570
864599
729404
470880
130994
436457
674448
236460
77182
663636
439495
98345
184340
165504
387427
310918
126845
82884
996671
802090
731181
927309
333421
589964
127501
589634
370324
449627
127123
96332
745422
196898
208841
415332
125237
808521
317536
146135
741651
7540
412761
948510
951716
111623
74591
556197
847460
989516
300026
973814
740407
910829
311863
274401
45288
180267
724616
639322
857677
532287
935519
210599
239089
336045
255740
417288
65240
399715
160548
265677
169290
90418
449792
385654
248059
43764
188221
748232
709852
196122
514015
433224
985874
695774
646109
594599
264031
581851
546349
817192
49672
355650
425557
814955
830068
667622
292690
667896
463623
502093
863732
364295
606025
274528
457224
227855
867205
781347
640329
242792
864056
932738
796855
546688
752246
627104
210371
938601
650071
839383
357442
941253
115159
385859
860520
760567
127802
628588
881104
483235
237078
281570
297684
277963
700017
752434
541548
304528
147809
180550
996832
918066
705383
262146
186257
34030
608603
600287
229388
205637
199937
321212
146646
560529
721159
748676
306355
637930
54064
963042
393452
667294
278716
216734
864636
626176
556398
782418
969761
310469
119696
906953
845292
66738
437654
108751
995985
186838
727880
966682
17514
823629
838857
236913
14277
287608
880301
882291
469416
76215
505410
850594
879214
399628
994
8074
804264
717891
720748
188085
41155
601377
456791
303105
256434
555491
872079
670103
830455
853184
987243
309625
835224
561942
684030
555166
561195
502460
712815
772204
126397
769320
963436
501617
501010
223026
527590
413966
841502
227793
852716
513981
311476
859167
183473
204758
988057
239886
313952
552299
759542
907055
545344
660897
261851
155871
255533
608981
581814
768097
646724
62934
621741
343540
244552
270323
62887
236581
821903
641412
320433
52646
748976
379112
5245
13694
242142
732020
633539
206726
717380
430832
463724
388666
448413
506958
818084
744347
6459
992399
128300
97395
422778
161664
985946
951039
102549
720425
855022
579196
173326
953520
169938
431102
344800
892342
738856
511384
503668
635102
943817
277072
889020
915273
573287
971551
529470
307597
943461
935153
572058
185771
508411
969813
404516
272269
514348
792048
54348
601759
774678
379918
416468
531616
268653
147911
778912
130177
440192
242361
821189
652695
817873
850180
372090
277030
707369
54739
964407
421657
36014
840802
773071
368183
931168
145093
42007
678770
979481
342142
690783
639807
622286
523262
643946
32220
62626
815396
13257
429411
51052
478096
264658
456778
29163
154895
676189
362260
248655
791939
723090
17953
568155
775642
468420
578409
432874
915219
666664
26999
213183
928497
214633
946616
707374
269329
424636
732235
365284
106634
100153
242695
799220
502282
933276
601257
773193
175836
696802
684238
576905
123128
9562
270227
541176
454737
294728
838707
927922
155895
106726
768534
361779
832344
760917
847438
575424
870804
329041
385403
442232
188745
136846
240810
982007
992966
667548
224113
675498
900637
803596
622884
630317
657862
321970
856638
257522
870217
44522
492132
939127
324963
729790
547452
824594
548770
208923
845715
969875
399952
676575
146234
52645
727234
364115
980863
349068
710545
820997
817035
265187
364213
980988
892698
271113
633992
951287
303112
745277
706418
953034
787268
954645
574144
546613
504915
349014
178175
861690
827405
25366
525379
756350
860533
569711
885520
422386
734708
69221
287827
627545
650625
925383
82982
75107
272627
614502
401926
760891
159067
660562
980189
595179
316224
572660
555812
940150
193519
663645
419668
214133
390544
886771
828339
713352
54378
576921
615923
17998
34027
880172
796683
927876
623978
397608
935436
726033
347661
990816
139664
894084
565530
830897
453417
531355
856599
7573
317775
750874
241024
430261
626370
650401
896968
441725
172185
822313
675093
830485
383711
561476
94065
897132
465108
88706
771267
418419
822027
622295
314257
114407
846652
83893
454262
134059
767870
526028
217488
731147
404006
690505
999320
572043
990050
672643
627935
25015
794490
931972
277430
559044
964542
560459
475814
188073
343672
964629
310266
956582
693860
613582
215825
708222
945221
264577
880767
405700
570695
419474
625552
769104
196672
471880
429366
386438
745614
568267
566857
518742
958328
622878
97906
623751
588791
234284
184930
989353
697157
26767
631051
894068
709289
399027
292615
67694
208813
875089
238894
478883
398350
606260
418391
757792
935775
538540
765353
842984
211821
801299
931019
605945
240849
363422
263023
987454
298676
818619
201243
174211
54661
228309
841633
638022
473065
205119
39831
774565
451174
610869
20011
621481
840522
983772
190838
6072
849087
156098
305569
772429
284462
395578
687440
718426
469298
795067
821148
848460
935481
17634
719664
571582
100718
279687
592483
639146
721807
544898
600876
985356
774771
350148
672347
571864
42636
850822
688455
672308
408391
41275
187052
183169
876126
151282
889619
401706
649621
926850
640507
629978
180563
31976
40324
26888
896539
570135
939247
592850
61497
762287
88986
283327
977034
718708
380646
814383
667865
923687
308605
570734
772572
775158
465976
388864
225287
987724
419051
282388
859791
301441
183704
754435
230999
24068
297230
411264
3718
81628
912798
824401
608020
738787
868432
803887
127592
38588
249071
445699
688713
72817
236704
294113
228422
988471
844789
714502
544268
825876
847801
246666
731091
913045
470940
548886
22140
497778
610883
549552
356101
394096
106496
409184
655613
216475
795142
115404
463635
163434
992340
198931
507427
597904
810088
945152
345255
399612
886715
714163
489211
755841
395515
266385
663194
837234
618122
802150
224619
275960
667178
84853
78661
628511
826182
364135
329390
367731
683612
106471
848541
857376
570211
293104
735938
802249
372568
811738
814792
37758
74123
672031
287589
252642
9510
210392
554185
109875
950893
279255
185765
659520
81315
433748
529147
934858
74915
600113
117673
582655
262509
643608
372199
580640
393327
876276
885508
279938
125385
762376
364128
155260
398063
463196
804155
619517
734357
341364
108681
943618
961846
714246
621192
36812
953105
19923
883957
387579
655588
529064
953350
706453
53178
904904
661148
934073
343355
345697
293717
38202
753165
438938
58708
448926
821503
742379
956679
918176
217917
788732
295279
510029
790247
615343
147285
2227
406992
682022
518214
990634
13205
722613
670805
826314
305243
436252
887178
770854
188627
460257
743632
763288
183433
173581
739741
414872
847884
649381
170764
179090
739605
81648
345248
42232
829558
255125
795089
296774
431278
406611
697927
138818
798065
10788
266076
559693
238265
775472
667540
539420
563272
645204
81620
547963
651151
482862
175413
896015
882729
874667
660743
892240
375214
450037
475369
999067
804051
453710
612298
997990
156126
359078
952287
464401
44136
653201
661642
125795
151885
761061
21356
737515
48528
451360
327815
735155
292455
223744
598968
147988
45125
593561
351330
830512
456719
906381
758665
861912
570184
661124
804346
927529
369256
474077
96725
902491
282748
849393
338550
278283
613218
309004
5130
133332
528818
794020
614708
548422
786645
95031
319895
468575
13714
201439
370982
426375
557261
180886
105514
579949
863026
378674
852880
761698
531625
613469
770826
314294
976007
779617
902972
640459
297330
152187
361988
62378
843158
113751
472232
289358
788682
961092
498013
180824
209284
29484
793675
794275
243746
34701
345904
931446
718028
395812
6914
417722
514791
259944
690513
41455
440740
616993
52772
983837
168208
853568
677090
635128
317235
977750
103818
612728
100857
665197
326407
311752
399216
551330
970128
656328
461644
380663
792812
602225
460103
541463
677619
725178
33652
506864
489598
217254
158321
982476
54875
800289
104841
269741
234464
855227
